#Saved Data from the class eproc_logic on 27.09.2021 at 12h07m15s.
#
#Parameters:
#===========
#
#Microwave Frequency (Hz): 437500000.0
#Microwave Power (dBm): 3.0
#Start Field (G): 4900.0
#Step Size (G): 2.0
#Stop Field (G): 5040.0
#Duration Of The Experiment: 23h23m05s
#Elapsed Sweeps: 23
#Accumulations Per Point: 100
#Lockin Input Range (V): 0.1
#Lockin Amplitude (V): 0.0
#Lockin Coupling: ac
#Lockin tau A (s): 0.5
#Lockin Phase A (°): 0.0
#Lockin tau B (s): 0.5
#Lockin Phase B (°): 0.0
#Lockin Waiting Time Factor: 1.0
#Lockin Harmonic: 1
#Lockin Slope (dB/oct): 24
#Lockin Configuration: A&B
#Frequency Multiplier: 32
#Modulation Signal Shape: Sine
#Modulation Frequency (Hz): 10000.0
#Modulation Deviation (Hz): 200000.0
#Modulation Mode: Low Noise
#
#Data:
#=====
#Column 0: frequency
#From column 1 to column 24: channel 1	sweep 1 to sweep 24
#From column 25 to column 48: channel 2	sweep 1 to sweep 24
#From column 49 to column 72: channel 3	sweep 1 to sweep 24
#From column 73 to column 96: channel 4	sweep 1 to sweep 24
#
4.900000e+03	-1.293202e-02	3.950345e-02	-3.985852e-02	-2.331363e-02	1.874730e-02	-8.025921e-02	-1.542344e-02	-1.004401e-01	4.220631e-02	1.165296e-02	4.475168e-03	2.606609e-02	-5.201229e-02	1.030876e-02	1.330291e-02	-2.356487e-02	-4.324945e-02	2.974593e-02	-2.815084e-03	1.241842e-02	-2.825704e-02	-8.651431e-02	4.343797e-02	-5.626775e-02	-3.577918e-03	2.926164e-02	3.357047e-02	-4.072220e-02	7.554590e-03	-1.620013e-02	-8.130284e-03	3.093553e-03	3.512784e-02	5.694179e-02	-1.611854e-02	-1.744059e-02	-4.384063e-02	-7.378315e-02	8.160796e-02	8.883286e-03	-7.449919e-02	-2.796267e-02	4.904667e-02	4.082004e-02	-9.604093e-03	-3.821809e-02	2.545631e-02	-1.507977e-02	-2.921467e+00	-2.920320e+00	-2.919942e+00	-2.920261e+00	-2.919720e+00	-2.919116e+00	-2.918982e+00	-2.918337e+00	-2.918035e+00	-2.917714e+00	-2.916891e+00	-2.916429e+00	-2.915163e+00	-2.915433e+00	-2.914963e+00	-2.914186e+00	-2.914745e+00	-2.914256e+00	-2.913329e+00	-2.913160e+00	-2.912298e+00	-2.912270e+00	-2.912497e+00	-2.912712e+00	-1.668824e-01	-1.668456e-01	-1.668737e-01	-1.668306e-01	-1.667978e-01	-1.667113e-01	-1.668256e-01	-1.666371e-01	-1.665107e-01	-1.665195e-01	-1.663687e-01	-1.662449e-01	-1.660572e-01	-1.660619e-01	-1.661140e-01	-1.660859e-01	-1.660359e-01	-1.661091e-01	-1.661288e-01	-1.661330e-01	-1.658807e-01	-1.659139e-01	-1.662335e-01	-1.661975e-01
4.902000e+03	-4.626779e-02	1.520169e-02	-4.950546e-02	-5.925778e-02	-2.446194e-02	-2.036680e-03	-1.017590e-02	-3.656639e-02	-5.830739e-03	-7.742807e-02	-1.981019e-02	2.116062e-02	-4.882548e-02	-1.343288e-01	-9.156920e-02	7.728150e-02	-2.670080e-02	-1.065474e-01	4.254041e-04	-7.557127e-02	3.907125e-02	-1.697106e-02	1.403871e-02	2.029957e-03	2.564922e-02	-1.830175e-02	4.078330e-02	3.650940e-03	-1.298897e-02	9.415090e-02	4.837133e-02	-3.801177e-02	2.419423e-02	2.462214e-02	-2.131571e-02	1.227261e-03	-2.158833e-02	-1.252991e-02	2.066520e-02	-1.357194e-03	-2.336759e-02	5.099268e-02	1.394576e-02	3.686842e-02	-7.246319e-03	-2.446983e-02	-5.696247e-02	-4.171730e-02	-2.920825e+00	-2.920130e+00	-2.920599e+00	-2.919826e+00	-2.919674e+00	-2.919307e+00	-2.919240e+00	-2.918871e+00	-2.918104e+00	-2.917377e+00	-2.917034e+00	-2.916698e+00	-2.916114e+00	-2.915674e+00	-2.914957e+00	-2.914229e+00	-2.914255e+00	-2.913562e+00	-2.913261e+00	-2.912703e+00	-2.912639e+00	-2.912020e+00	-2.912185e+00	-2.912465e+00	-1.668364e-01	-1.668033e-01	-1.669160e-01	-1.667624e-01	-1.667765e-01	-1.669198e-01	-1.668812e-01	-1.665903e-01	-1.664957e-01	-1.664883e-01	-1.664188e-01	-1.662574e-01	-1.661354e-01	-1.661847e-01	-1.660909e-01	-1.660734e-01	-1.660386e-01	-1.661077e-01	-1.660266e-01	-1.659898e-01	-1.659663e-01	-1.659745e-01	-1.660821e-01	-1.661687e-01
4.904000e+03	-5.105983e-02	-9.623368e-03	-2.561609e-02	-7.141851e-02	-3.837854e-04	-2.912938e-02	-3.402727e-02	-1.166899e-03	1.528528e-02	-9.001738e-03	-2.861163e-03	1.639911e-03	-8.656695e-02	4.738986e-02	6.342691e-02	3.622517e-02	-1.760662e-02	6.237732e-03	1.234507e-02	-2.174541e-02	-1.505237e-02	2.668619e-02	6.783976e-03	-2.699337e-02	1.137880e-02	2.576830e-02	5.497075e-02	4.382475e-02	3.273105e-02	-5.749967e-03	-1.267475e-02	-3.789677e-02	4.951858e-03	-2.753093e-02	9.224169e-03	3.584929e-03	-4.235206e-02	5.461308e-02	-3.200258e-02	2.851020e-02	-4.508529e-02	-3.814667e-02	5.651135e-02	5.772225e-03	1.855834e-02	7.529433e-03	-9.504060e-02	8.119367e-02	-2.920493e+00	-2.920624e+00	-2.920397e+00	-2.920393e+00	-2.919805e+00	-2.919200e+00	-2.919266e+00	-2.918985e+00	-2.918563e+00	-2.917650e+00	-2.916766e+00	-2.916514e+00	-2.915863e+00	-2.916239e+00	-2.914607e+00	-2.914624e+00	-2.913788e+00	-2.913649e+00	-2.913926e+00	-2.913069e+00	-2.912397e+00	-2.912812e+00	-2.912475e+00	-2.912540e+00	-1.668031e-01	-1.668828e-01	-1.669166e-01	-1.667924e-01	-1.668824e-01	-1.668819e-01	-1.668465e-01	-1.665362e-01	-1.664561e-01	-1.664633e-01	-1.663947e-01	-1.662811e-01	-1.661755e-01	-1.662363e-01	-1.660398e-01	-1.660622e-01	-1.659790e-01	-1.660556e-01	-1.660321e-01	-1.659500e-01	-1.660141e-01	-1.661424e-01	-1.659723e-01	-1.663675e-01
4.906000e+03	-5.199458e-02	-2.594098e-02	6.626136e-03	7.231071e-02	2.012645e-02	7.714578e-03	-4.093255e-03	-6.717942e-02	-8.808919e-03	-2.764071e-03	8.453488e-03	1.019466e-02	-7.012616e-02	-7.372590e-02	1.121785e-02	-1.051010e-01	-5.429306e-02	1.902484e-02	-7.327962e-03	-7.146997e-02	-1.281113e-01	-4.864489e-02	4.150736e-02	-4.930895e-02	-3.498188e-02	2.191794e-02	2.985378e-02	-5.157989e-03	1.576432e-02	3.486085e-02	-2.884794e-02	-1.202615e-02	5.018551e-02	-3.202235e-02	1.804488e-03	3.609794e-02	-5.399315e-02	-5.328807e-02	-2.260840e-02	3.198942e-02	5.332583e-02	-1.321894e-02	-2.639134e-02	-6.288847e-02	5.377516e-03	-6.463919e-03	3.732028e-02	8.821422e-04	-2.920323e+00	-2.919973e+00	-2.920497e+00	-2.919906e+00	-2.919605e+00	-2.919455e+00	-2.919293e+00	-2.918540e+00	-2.917893e+00	-2.916974e+00	-2.916771e+00	-2.916568e+00	-2.915733e+00	-2.915375e+00	-2.915276e+00	-2.914310e+00	-2.913956e+00	-2.913728e+00	-2.913163e+00	-2.913058e+00	-2.912327e+00	-2.912446e+00	-2.912225e+00	-2.911948e+00	-1.667722e-01	-1.668105e-01	-1.668793e-01	-1.668107e-01	-1.668418e-01	-1.668912e-01	-1.667076e-01	-1.665270e-01	-1.665106e-01	-1.663929e-01	-1.664016e-01	-1.664231e-01	-1.662095e-01	-1.660809e-01	-1.660609e-01	-1.660623e-01	-1.660570e-01	-1.660818e-01	-1.659423e-01	-1.659505e-01	-1.659584e-01	-1.660573e-01	-1.660677e-01	-1.662302e-01
4.908000e+03	1.119759e-02	4.598881e-02	-4.182371e-02	-6.360347e-02	-1.400128e-02	-2.141917e-02	2.339662e-02	-2.004145e-02	-5.452459e-02	-4.408365e-02	4.800207e-02	1.758291e-02	-8.356223e-02	5.986738e-03	-3.828599e-02	-3.424120e-02	-8.975189e-03	-6.503317e-02	-2.326814e-02	-9.143457e-03	-2.639966e-02	-1.337195e-02	-7.687429e-02	-2.950825e-02	-5.056833e-02	8.502616e-02	3.224149e-02	-3.118104e-02	-1.949562e-02	-8.110523e-03	6.321160e-02	2.727593e-02	2.880543e-02	8.533343e-02	6.143832e-02	8.352182e-02	6.914654e-02	-9.560665e-03	-1.705146e-02	-3.839602e-03	-4.640448e-02	7.058050e-03	-2.039596e-02	-4.605415e-03	-2.464708e-02	5.436246e-02	1.963865e-02	3.813039e-02	-2.920287e+00	-2.920286e+00	-2.919680e+00	-2.920071e+00	-2.919619e+00	-2.919667e+00	-2.919162e+00	-2.918355e+00	-2.918351e+00	-2.918122e+00	-2.917079e+00	-2.916352e+00	-2.915396e+00	-2.915349e+00	-2.914690e+00	-2.914540e+00	-2.914105e+00	-2.913920e+00	-2.913768e+00	-2.912585e+00	-2.912243e+00	-2.912353e+00	-2.912110e+00	-2.912486e+00	-1.667457e-01	-1.668495e-01	-1.668273e-01	-1.667725e-01	-1.667602e-01	-1.668330e-01	-1.667449e-01	-1.667153e-01	-1.666042e-01	-1.664810e-01	-1.665808e-01	-1.664356e-01	-1.662755e-01	-1.661241e-01	-1.660249e-01	-1.660742e-01	-1.660113e-01	-1.660661e-01	-1.660285e-01	-1.659585e-01	-1.658893e-01	-1.660118e-01	-1.660023e-01	-1.662887e-01
4.910000e+03	2.901261e-03	-4.296120e-02	-4.310999e-02	-5.178512e-02	4.816475e-02	-4.601695e-02	-5.720165e-02	-7.862007e-03	-3.957017e-02	-4.343778e-02	-6.386629e-02	-1.854823e-02	-3.017388e-03	3.940703e-03	-2.667024e-03	-3.246796e-02	-6.768904e-02	-6.504728e-02	-3.555960e-02	1.060447e-04	3.214366e-03	2.362151e-02	-4.821109e-02	-6.018934e-02	4.405472e-02	-5.624368e-02	3.867141e-02	4.119828e-03	-1.235498e-03	-7.705380e-02	1.020148e-01	-4.471541e-02	5.417505e-02	4.771047e-02	-6.889162e-02	2.927312e-03	1.640423e-02	-5.190900e-02	-1.601502e-02	3.002261e-02	6.779388e-03	2.682201e-02	-1.887176e-03	4.145851e-02	1.200527e-01	1.948762e-02	1.829068e-02	-4.527851e-03	-2.920655e+00	-2.919957e+00	-2.920188e+00	-2.919969e+00	-2.919262e+00	-2.919817e+00	-2.919221e+00	-2.918757e+00	-2.917976e+00	-2.917499e+00	-2.916460e+00	-2.916703e+00	-2.916142e+00	-2.915166e+00	-2.915075e+00	-2.914663e+00	-2.914591e+00	-2.913137e+00	-2.913111e+00	-2.913373e+00	-2.912869e+00	-2.912424e+00	-2.912265e+00	-2.912229e+00	-1.667846e-01	-1.666960e-01	-1.668310e-01	-1.668105e-01	-1.667156e-01	-1.668120e-01	-1.668543e-01	-1.666441e-01	-1.664905e-01	-1.664297e-01	-1.664453e-01	-1.663931e-01	-1.662336e-01	-1.660546e-01	-1.661141e-01	-1.661115e-01	-1.660034e-01	-1.660390e-01	-1.659744e-01	-1.660104e-01	-1.660276e-01	-1.660416e-01	-1.661138e-01	-1.661846e-01
4.912000e+03	1.267960e-02	-2.216884e-02	-1.726467e-02	-4.060715e-02	2.210440e-02	-1.622352e-02	1.243960e-03	-8.673889e-02	-1.443819e-03	5.630722e-02	-2.091869e-02	3.354454e-02	-3.653780e-02	3.892763e-02	-1.073022e-01	-6.164685e-02	9.734229e-03	-1.391576e-02	-4.574520e-02	2.335714e-02	-3.375131e-02	4.699233e-02	8.326566e-02	-5.034032e-02	3.045231e-02	2.588113e-02	3.502313e-02	4.946649e-02	-8.302100e-05	-3.402104e-02	2.010173e-02	-3.457170e-02	-1.298648e-02	-9.231899e-02	2.575335e-02	-3.615742e-02	6.540294e-02	-7.586924e-02	6.592714e-02	3.253030e-02	7.994769e-03	2.364335e-02	1.250145e-02	-5.837401e-02	-7.523878e-03	4.167868e-02	1.979047e-02	3.843978e-02	-2.920008e+00	-2.920334e+00	-2.919636e+00	-2.919872e+00	-2.919907e+00	-2.919398e+00	-2.919218e+00	-2.918258e+00	-2.918298e+00	-2.917887e+00	-2.916298e+00	-2.916186e+00	-2.915890e+00	-2.915587e+00	-2.914379e+00	-2.913966e+00	-2.914109e+00	-2.913563e+00	-2.913571e+00	-2.913355e+00	-2.912242e+00	-2.912577e+00	-2.912178e+00	-2.912334e+00	-1.666983e-01	-1.668239e-01	-1.668068e-01	-1.668135e-01	-1.667315e-01	-1.668238e-01	-1.667523e-01	-1.665815e-01	-1.664334e-01	-1.662869e-01	-1.664744e-01	-1.662977e-01	-1.664313e-01	-1.662027e-01	-1.661422e-01	-1.660353e-01	-1.659721e-01	-1.660668e-01	-1.660055e-01	-1.659456e-01	-1.659476e-01	-1.660615e-01	-1.660439e-01	-1.660994e-01
4.914000e+03	4.890017e-02	-4.824140e-02	3.170536e-02	-4.668315e-02	-3.429307e-02	-2.011735e-02	3.342470e-04	-3.495996e-02	-8.514070e-02	5.309420e-02	-7.341670e-02	-3.498920e-02	1.796559e-02	-4.772704e-03	-7.263477e-02	5.796104e-03	-1.312654e-02	-5.117687e-02	-3.741536e-02	-1.705429e-02	1.850851e-02	-3.273623e-02	-2.291013e-02	-1.003276e-02	3.334856e-03	1.937906e-02	-3.645567e-02	-1.308268e-02	9.962651e-05	2.918815e-02	5.804953e-02	-4.160973e-03	3.125917e-02	4.700667e-02	2.314833e-02	8.683523e-03	3.891380e-03	-1.445201e-02	3.639387e-02	-4.846981e-02	3.096784e-02	2.050354e-02	-8.403971e-03	-1.847098e-02	5.820966e-02	-6.904578e-03	2.670820e-02	-8.971686e-03	-2.920508e+00	-2.919682e+00	-2.920357e+00	-2.919680e+00	-2.919329e+00	-2.919737e+00	-2.919132e+00	-2.918893e+00	-2.918303e+00	-2.917746e+00	-2.916927e+00	-2.916544e+00	-2.915696e+00	-2.915385e+00	-2.915550e+00	-2.914664e+00	-2.914014e+00	-2.913546e+00	-2.913536e+00	-2.912852e+00	-2.912433e+00	-2.912712e+00	-2.912434e+00	-2.912508e+00	-1.667179e-01	-1.667816e-01	-1.668129e-01	-1.666982e-01	-1.667273e-01	-1.668191e-01	-1.667026e-01	-1.665229e-01	-1.665546e-01	-1.665654e-01	-1.664140e-01	-1.665455e-01	-1.663901e-01	-1.662044e-01	-1.661448e-01	-1.659725e-01	-1.659236e-01	-1.659969e-01	-1.659826e-01	-1.659120e-01	-1.659873e-01	-1.660419e-01	-1.660754e-01	-1.661429e-01
4.916000e+03	-3.815755e-02	-2.579258e-02	2.123128e-02	-4.518781e-02	-4.992793e-02	1.677729e-02	-4.091276e-02	4.916276e-04	-7.199131e-02	1.904969e-02	-2.465943e-02	2.438262e-02	-4.745311e-02	1.131407e-02	-1.537689e-02	-7.259799e-02	-4.702744e-02	-9.260539e-03	-4.891142e-02	-8.042973e-03	-1.681542e-02	-6.019550e-02	-5.336471e-02	-4.779871e-02	2.129769e-02	-5.196848e-02	3.391035e-02	-1.067665e-02	2.127660e-02	-7.840416e-03	-4.323837e-02	1.031867e-02	3.507241e-02	1.848365e-02	5.559275e-03	5.149287e-02	-1.089411e-01	-4.883598e-03	2.039700e-02	5.119147e-02	1.046595e-02	-9.796340e-03	-9.835848e-03	-4.011143e-03	-1.682438e-02	-3.934211e-02	2.941669e-02	-4.498874e-02	-2.920161e+00	-2.919940e+00	-2.919758e+00	-2.919890e+00	-2.919435e+00	-2.919560e+00	-2.919372e+00	-2.918686e+00	-2.918777e+00	-2.917619e+00	-2.916473e+00	-2.916022e+00	-2.915433e+00	-2.915084e+00	-2.914763e+00	-2.913853e+00	-2.913717e+00	-2.913140e+00	-2.913900e+00	-2.913083e+00	-2.912307e+00	-2.913034e+00	-2.912108e+00	-2.912434e+00	-1.668372e-01	-1.667166e-01	-1.667995e-01	-1.667563e-01	-1.667662e-01	-1.667861e-01	-1.666298e-01	-1.666145e-01	-1.666108e-01	-1.665072e-01	-1.663179e-01	-1.664907e-01	-1.662599e-01	-1.661906e-01	-1.660810e-01	-1.661156e-01	-1.659932e-01	-1.659636e-01	-1.659990e-01	-1.659430e-01	-1.658935e-01	-1.660139e-01	-1.660979e-01	-1.661370e-01
4.918000e+03	4.537315e-02	2.333823e-02	-8.105604e-04	-2.764173e-02	-1.742676e-02	-9.562923e-02	-6.873198e-02	-1.975652e-02	1.918784e-03	-2.443193e-02	-8.668730e-02	-7.926393e-03	4.472493e-03	4.891951e-02	6.209595e-02	-4.032849e-02	6.475647e-02	1.858478e-02	-5.096750e-02	-7.032562e-02	-6.195092e-02	-1.269270e-02	-3.981232e-03	-2.085375e-03	1.105757e-02	2.071581e-03	3.421616e-02	-8.011532e-03	2.939238e-02	1.239322e-02	-5.765096e-03	7.229393e-03	1.414888e-02	8.237643e-02	1.573959e-02	-4.504978e-03	1.146609e-02	8.773978e-03	5.012191e-02	-2.840077e-02	-4.162176e-02	-4.020267e-02	1.071516e-02	-4.246782e-03	-1.445628e-02	-4.953326e-02	7.298223e-02	-5.144791e-02	-2.920688e+00	-2.919952e+00	-2.919928e+00	-2.919644e+00	-2.919878e+00	-2.919419e+00	-2.919067e+00	-2.918108e+00	-2.918255e+00	-2.917549e+00	-2.916880e+00	-2.916247e+00	-2.916022e+00	-2.915145e+00	-2.914617e+00	-2.914194e+00	-2.914436e+00	-2.913585e+00	-2.913273e+00	-2.912730e+00	-2.912028e+00	-2.912683e+00	-2.912567e+00	-2.912362e+00	-1.668885e-01	-1.667538e-01	-1.668018e-01	-1.667728e-01	-1.667855e-01	-1.667617e-01	-1.666571e-01	-1.666161e-01	-1.665261e-01	-1.664022e-01	-1.662993e-01	-1.664608e-01	-1.664085e-01	-1.663400e-01	-1.662470e-01	-1.660962e-01	-1.660370e-01	-1.659666e-01	-1.659268e-01	-1.659246e-01	-1.658871e-01	-1.659611e-01	-1.661576e-01	-1.661111e-01
4.920000e+03	-3.202053e-02	-6.189600e-02	-9.963604e-04	1.818670e-02	3.053251e-02	-9.088299e-02	1.898877e-03	-1.398004e-03	-3.891873e-02	-2.897007e-02	9.782095e-03	3.489582e-02	-6.576738e-02	-1.046288e-02	4.753870e-02	6.484732e-02	-6.538442e-02	-1.974014e-02	-4.955542e-02	-5.176219e-02	2.213137e-02	-5.458046e-03	4.962928e-02	-7.210817e-03	-3.191409e-02	1.863161e-02	4.974604e-02	-1.784782e-02	2.009843e-02	-3.893854e-03	-5.520816e-03	2.704149e-02	-9.372288e-03	-1.713658e-02	1.308812e-02	3.945868e-02	5.901111e-02	3.380289e-03	-2.311745e-02	4.035302e-02	3.001276e-02	-2.758902e-02	-1.509184e-02	-5.772523e-02	-7.215907e-03	1.615280e-02	-4.333157e-02	-1.627510e-03	-2.920301e+00	-2.920690e+00	-2.919434e+00	-2.919828e+00	-2.919696e+00	-2.919810e+00	-2.919326e+00	-2.918625e+00	-2.918151e+00	-2.917787e+00	-2.916741e+00	-2.916274e+00	-2.915653e+00	-2.915657e+00	-2.914877e+00	-2.914320e+00	-2.914364e+00	-2.914016e+00	-2.913869e+00	-2.912536e+00	-2.912415e+00	-2.912533e+00	-2.912588e+00	-2.912277e+00	-1.668173e-01	-1.667474e-01	-1.668592e-01	-1.667708e-01	-1.667579e-01	-1.667368e-01	-1.666808e-01	-1.665741e-01	-1.664525e-01	-1.664001e-01	-1.663754e-01	-1.664453e-01	-1.663233e-01	-1.663755e-01	-1.662125e-01	-1.661286e-01	-1.660062e-01	-1.659421e-01	-1.660016e-01	-1.658550e-01	-1.658545e-01	-1.660019e-01	-1.660284e-01	-1.661321e-01
4.922000e+03	5.240648e-02	-2.612119e-02	5.371632e-03	-5.684178e-02	-8.262280e-04	5.867318e-02	3.143364e-02	-3.326151e-02	-1.336832e-01	-2.849479e-02	-9.355851e-02	-7.103759e-02	4.510944e-02	-6.427734e-02	-4.709839e-02	-2.010454e-02	-1.385597e-02	-1.373988e-02	-5.957648e-03	1.486375e-03	-2.917870e-02	5.280311e-02	2.539827e-03	-5.321729e-03	1.335525e-02	-7.704811e-02	-3.401452e-02	4.354487e-02	-1.924047e-03	-1.064861e-01	3.392632e-04	2.283121e-02	-2.213189e-02	-8.567915e-02	1.970724e-02	3.955755e-03	2.822879e-02	5.956743e-03	4.317612e-02	4.744638e-02	3.009919e-02	-2.688979e-02	-1.722859e-02	4.959380e-02	-7.699676e-03	-3.028102e-02	-1.634871e-02	-3.722125e-02	-2.920202e+00	-2.920052e+00	-2.920078e+00	-2.919563e+00	-2.919850e+00	-2.919377e+00	-2.918927e+00	-2.918397e+00	-2.918047e+00	-2.917546e+00	-2.916557e+00	-2.916023e+00	-2.916051e+00	-2.915929e+00	-2.914970e+00	-2.915223e+00	-2.914473e+00	-2.913439e+00	-2.913492e+00	-2.912630e+00	-2.912839e+00	-2.912609e+00	-2.912296e+00	-2.912326e+00	-1.669608e-01	-1.668545e-01	-1.668394e-01	-1.667345e-01	-1.667072e-01	-1.667044e-01	-1.666396e-01	-1.665640e-01	-1.664472e-01	-1.663583e-01	-1.663725e-01	-1.663116e-01	-1.661925e-01	-1.663525e-01	-1.662968e-01	-1.661828e-01	-1.661200e-01	-1.660402e-01	-1.659765e-01	-1.659674e-01	-1.659061e-01	-1.659203e-01	-1.660466e-01	-1.660599e-01
4.924000e+03	-6.359109e-02	-4.287892e-02	-4.726028e-02	-2.770605e-02	-5.274366e-02	-7.936392e-02	-2.506527e-02	1.018704e-03	-4.970274e-02	1.030678e-02	6.477842e-03	-5.207694e-02	-1.549654e-02	-2.951137e-02	-1.924870e-02	-1.810484e-02	-7.872501e-02	-1.643834e-02	-3.312818e-02	-1.232086e-03	-1.231736e-02	-3.822691e-02	-3.454641e-02	1.329696e-02	-4.650441e-02	2.410864e-02	4.807463e-03	-5.199744e-02	5.624536e-04	-5.747630e-02	-4.136286e-02	-1.955786e-02	-1.368220e-02	9.628212e-03	-2.638645e-02	4.940659e-03	-3.697100e-02	5.610230e-02	6.732962e-02	2.314251e-02	-1.985712e-02	-3.754509e-03	6.932676e-02	7.158751e-03	3.826265e-02	4.202839e-02	-4.800517e-02	1.834225e-02	-2.920219e+00	-2.920337e+00	-2.919752e+00	-2.920053e+00	-2.919755e+00	-2.920094e+00	-2.919072e+00	-2.918181e+00	-2.918383e+00	-2.917609e+00	-2.916561e+00	-2.915972e+00	-2.915686e+00	-2.915615e+00	-2.914727e+00	-2.914629e+00	-2.914635e+00	-2.913632e+00	-2.913795e+00	-2.912962e+00	-2.912798e+00	-2.912538e+00	-2.912425e+00	-2.912799e+00	-1.669586e-01	-1.668945e-01	-1.668242e-01	-1.666989e-01	-1.666509e-01	-1.667641e-01	-1.665886e-01	-1.664905e-01	-1.665050e-01	-1.664049e-01	-1.663177e-01	-1.662660e-01	-1.661978e-01	-1.663512e-01	-1.662111e-01	-1.661271e-01	-1.661632e-01	-1.660943e-01	-1.660176e-01	-1.658995e-01	-1.660236e-01	-1.660152e-01	-1.660153e-01	-1.661548e-01
4.926000e+03	2.210102e-02	-5.505894e-02	6.958336e-03	-4.582026e-02	-3.817186e-02	-4.600833e-02	1.347361e-02	-3.793318e-02	-1.620113e-02	-9.432142e-03	-1.089889e-02	-5.810344e-03	4.253888e-02	-1.535221e-03	-1.971257e-02	1.501806e-03	-2.616884e-02	4.317072e-02	1.420718e-02	-8.644587e-02	-4.473593e-02	2.530741e-02	-6.711841e-02	3.407984e-02	4.821824e-02	-4.475627e-02	-3.034734e-02	9.484513e-03	-3.531953e-02	2.833744e-02	2.654510e-02	2.279887e-02	1.632619e-03	7.356729e-02	5.976983e-02	2.176143e-02	5.192612e-02	3.894116e-02	1.406402e-02	8.311681e-03	1.267286e-02	-1.555635e-02	-2.209203e-02	-6.591733e-03	-1.592234e-02	-1.649085e-02	-4.172664e-02	9.700541e-03	-2.920396e+00	-2.920177e+00	-2.920073e+00	-2.919524e+00	-2.919466e+00	-2.919671e+00	-2.919375e+00	-2.918755e+00	-2.917895e+00	-2.918006e+00	-2.916548e+00	-2.916487e+00	-2.915812e+00	-2.915581e+00	-2.914962e+00	-2.915116e+00	-2.914316e+00	-2.913639e+00	-2.913099e+00	-2.912883e+00	-2.911815e+00	-2.912559e+00	-2.912483e+00	-2.912416e+00	-1.670051e-01	-1.668612e-01	-1.668234e-01	-1.667683e-01	-1.666822e-01	-1.667984e-01	-1.666624e-01	-1.665313e-01	-1.664542e-01	-1.664372e-01	-1.663519e-01	-1.663979e-01	-1.664024e-01	-1.663445e-01	-1.661269e-01	-1.661086e-01	-1.661485e-01	-1.660723e-01	-1.659593e-01	-1.659396e-01	-1.658874e-01	-1.659528e-01	-1.659948e-01	-1.660953e-01
4.928000e+03	-1.846397e-02	6.648034e-02	4.670101e-02	-3.289685e-02	1.220755e-02	2.035322e-02	-2.379379e-02	-4.384497e-02	-6.411580e-02	5.497598e-02	-4.087377e-03	-3.055744e-02	-4.024667e-02	9.563826e-02	-1.103327e-03	-1.800778e-02	-5.306385e-02	-1.550654e-03	-1.357819e-02	-3.632079e-02	4.900429e-02	-1.549449e-02	4.162951e-02	-2.770219e-02	1.424710e-02	4.370547e-02	3.472485e-02	-4.368104e-03	-5.637184e-02	-6.750474e-02	-1.958535e-02	2.880790e-02	3.398783e-02	-6.090953e-02	3.880672e-03	1.304403e-02	-1.588939e-02	6.196971e-02	1.453445e-02	-3.297773e-02	4.015311e-03	2.138040e-02	-2.649601e-02	3.700741e-02	-3.610376e-02	1.137310e-02	-7.688787e-03	7.064145e-03	-2.920355e+00	-2.920146e+00	-2.920507e+00	-2.920150e+00	-2.919571e+00	-2.919620e+00	-2.919030e+00	-2.918396e+00	-2.918357e+00	-2.917532e+00	-2.916869e+00	-2.916299e+00	-2.915737e+00	-2.915548e+00	-2.914526e+00	-2.914492e+00	-2.914360e+00	-2.913892e+00	-2.913599e+00	-2.912711e+00	-2.912515e+00	-2.912339e+00	-2.912556e+00	-2.912997e+00	-1.669880e-01	-1.669261e-01	-1.669410e-01	-1.668853e-01	-1.667197e-01	-1.667170e-01	-1.665868e-01	-1.665635e-01	-1.665208e-01	-1.663060e-01	-1.664108e-01	-1.663605e-01	-1.662365e-01	-1.662720e-01	-1.661204e-01	-1.661018e-01	-1.661252e-01	-1.661408e-01	-1.661351e-01	-1.660326e-01	-1.658552e-01	-1.658963e-01	-1.660400e-01	-1.661635e-01
4.930000e+03	-5.168589e-03	-1.589496e-02	-2.972142e-03	3.818627e-02	-2.235595e-02	-8.436650e-03	1.303908e-02	-5.018637e-02	2.054410e-02	2.971479e-02	7.876723e-02	3.756432e-02	-6.580880e-02	-1.867340e-02	2.211847e-03	-5.056220e-02	-6.558201e-02	2.435763e-02	7.078694e-02	1.006784e-02	-1.681636e-02	3.322867e-03	1.132621e-02	-2.961754e-02	-2.611362e-03	1.544836e-02	4.634499e-02	-5.603798e-02	-1.703126e-02	2.199282e-03	-5.853982e-03	-1.000043e-02	3.173294e-02	2.048579e-02	-4.759335e-02	-2.841728e-02	-7.286935e-03	2.742669e-02	-1.555813e-02	6.301227e-03	-1.567052e-02	4.782509e-02	-4.684510e-03	-1.993046e-02	-6.112411e-02	-2.773616e-02	2.272440e-02	-3.576765e-02	-2.919712e+00	-2.919861e+00	-2.920166e+00	-2.919831e+00	-2.919500e+00	-2.919552e+00	-2.919465e+00	-2.918270e+00	-2.918421e+00	-2.917651e+00	-2.916713e+00	-2.916369e+00	-2.916384e+00	-2.915754e+00	-2.915135e+00	-2.914804e+00	-2.914189e+00	-2.913612e+00	-2.912710e+00	-2.913062e+00	-2.912296e+00	-2.912554e+00	-2.912467e+00	-2.912329e+00	-1.668801e-01	-1.669825e-01	-1.670266e-01	-1.668542e-01	-1.667069e-01	-1.667461e-01	-1.665978e-01	-1.664738e-01	-1.664631e-01	-1.663810e-01	-1.663356e-01	-1.662894e-01	-1.662583e-01	-1.661893e-01	-1.662449e-01	-1.662292e-01	-1.660312e-01	-1.662873e-01	-1.660437e-01	-1.660139e-01	-1.658571e-01	-1.658966e-01	-1.660541e-01	-1.660803e-01
4.932000e+03	-2.382727e-02	-4.576707e-02	7.985913e-02	-7.972846e-02	-5.665643e-03	-4.124916e-02	6.752373e-03	-1.366461e-02	-1.387516e-03	-4.840649e-02	4.613252e-02	-7.861082e-03	9.397837e-04	-3.197776e-03	-1.342240e-02	3.938377e-02	-1.351489e-02	-3.956956e-02	-1.750034e-02	1.726826e-03	-4.544737e-03	-7.305489e-03	5.508096e-03	-7.013916e-02	-9.839955e-03	-1.959066e-02	3.735383e-03	6.731491e-02	-2.689023e-03	2.857053e-02	2.097459e-03	5.094870e-02	6.609365e-02	-3.522505e-03	2.311855e-02	6.890471e-02	-3.843802e-02	4.674058e-02	4.831906e-02	2.832816e-02	6.580539e-02	9.548486e-03	-2.114232e-03	4.452456e-02	-7.307013e-02	-9.240111e-03	-5.988884e-02	-1.054976e-01	-2.919729e+00	-2.920182e+00	-2.920354e+00	-2.920033e+00	-2.919581e+00	-2.919578e+00	-2.918875e+00	-2.918764e+00	-2.918381e+00	-2.917398e+00	-2.916579e+00	-2.916381e+00	-2.915795e+00	-2.915173e+00	-2.914778e+00	-2.914527e+00	-2.913629e+00	-2.914647e+00	-2.913742e+00	-2.912710e+00	-2.912052e+00	-2.911937e+00	-2.912934e+00	-2.912575e+00	-1.667207e-01	-1.669395e-01	-1.669794e-01	-1.668659e-01	-1.667540e-01	-1.668178e-01	-1.666451e-01	-1.665216e-01	-1.664616e-01	-1.663287e-01	-1.663715e-01	-1.663570e-01	-1.662341e-01	-1.662807e-01	-1.662635e-01	-1.660945e-01	-1.660267e-01	-1.662694e-01	-1.660873e-01	-1.659966e-01	-1.658408e-01	-1.659945e-01	-1.660198e-01	-1.659942e-01
4.934000e+03	-3.120376e-02	1.907963e-02	1.566028e-02	-1.620188e-02	-8.987842e-02	-5.081490e-02	-7.650629e-02	-1.106504e-02	-3.759727e-02	1.673788e-02	1.185151e-02	-3.452228e-02	-1.221383e-01	-4.276266e-02	-7.380314e-04	-4.977031e-02	-4.891857e-02	-3.873382e-04	-2.577770e-05	-1.134229e-02	3.838861e-03	-8.934772e-02	5.282180e-02	-8.985981e-02	-4.446353e-02	3.071639e-02	-1.198045e-02	3.613952e-03	2.478440e-02	1.388709e-02	-4.580709e-02	-9.531901e-03	9.192996e-03	1.763793e-02	-5.989296e-02	-2.221194e-02	2.611303e-02	2.371199e-02	-6.813698e-02	2.360109e-02	5.290187e-03	-1.265946e-02	1.002592e-01	1.715348e-02	8.299336e-02	-6.460239e-02	1.970445e-02	1.159265e-03	-2.920656e+00	-2.920377e+00	-2.919979e+00	-2.919844e+00	-2.919497e+00	-2.919498e+00	-2.919519e+00	-2.918348e+00	-2.918104e+00	-2.917908e+00	-2.916697e+00	-2.916034e+00	-2.915765e+00	-2.915920e+00	-2.914922e+00	-2.914380e+00	-2.914124e+00	-2.913472e+00	-2.913081e+00	-2.912716e+00	-2.912133e+00	-2.912084e+00	-2.912822e+00	-2.912342e+00	-1.668242e-01	-1.669808e-01	-1.669279e-01	-1.668113e-01	-1.668947e-01	-1.668576e-01	-1.666381e-01	-1.664015e-01	-1.664818e-01	-1.664339e-01	-1.662741e-01	-1.662770e-01	-1.662685e-01	-1.662566e-01	-1.661109e-01	-1.660459e-01	-1.660074e-01	-1.661681e-01	-1.661238e-01	-1.661425e-01	-1.660846e-01	-1.659274e-01	-1.660509e-01	-1.659935e-01
4.936000e+03	-4.102725e-02	-4.063966e-02	-4.591970e-02	-4.384818e-02	3.216695e-02	-8.648142e-02	-7.723128e-02	-8.339007e-03	-2.655389e-02	-3.577599e-02	-6.332737e-02	-2.427946e-02	5.005686e-02	-2.993859e-02	-6.697396e-02	6.141689e-02	6.847785e-02	1.814268e-03	9.423919e-03	-2.223247e-02	7.118630e-03	-2.334762e-02	-5.908867e-02	-1.403772e-01	8.649084e-03	-3.110755e-03	-3.981360e-02	2.127608e-03	-1.649967e-02	-5.085336e-02	-1.766585e-02	9.559638e-03	4.616179e-02	2.695600e-02	-5.687943e-02	6.000811e-04	6.345648e-02	1.768258e-02	1.899733e-02	1.232661e-02	3.494609e-02	-2.042393e-04	-2.493768e-02	1.690399e-02	-1.144318e-02	3.511047e-02	-4.036638e-02	-4.683363e-03	-2.920063e+00	-2.920245e+00	-2.920215e+00	-2.920077e+00	-2.919959e+00	-2.919097e+00	-2.918623e+00	-2.918716e+00	-2.918577e+00	-2.917198e+00	-2.916636e+00	-2.916403e+00	-2.915203e+00	-2.915301e+00	-2.915119e+00	-2.914581e+00	-2.913764e+00	-2.913919e+00	-2.913349e+00	-2.912792e+00	-2.912311e+00	-2.912069e+00	-2.912490e+00	-2.912571e+00	-1.669785e-01	-1.669334e-01	-1.668466e-01	-1.668031e-01	-1.669136e-01	-1.667680e-01	-1.665789e-01	-1.664514e-01	-1.665014e-01	-1.663552e-01	-1.662857e-01	-1.663079e-01	-1.662635e-01	-1.661592e-01	-1.661168e-01	-1.661384e-01	-1.661599e-01	-1.660778e-01	-1.661710e-01	-1.661303e-01	-1.660242e-01	-1.659908e-01	-1.659407e-01	-1.659990e-01
4.938000e+03	-5.633022e-02	-4.647436e-02	-3.465040e-02	-7.319901e-03	-6.268169e-02	-1.069379e-01	-3.234340e-02	5.425102e-02	-2.540988e-02	7.963255e-03	6.379277e-03	-3.651115e-02	-7.134165e-02	-3.140381e-02	1.134301e-04	-2.642902e-02	-1.528583e-02	7.350445e-02	-9.716697e-03	-1.538142e-02	1.211518e-02	-1.496848e-02	2.593169e-02	-4.241849e-02	1.141392e-02	2.063448e-02	-3.648006e-02	7.298543e-02	6.902565e-02	5.146060e-02	-6.850984e-03	4.031504e-02	2.258542e-03	3.847886e-02	1.932665e-03	-9.191106e-03	5.385699e-02	-7.811370e-02	-3.745435e-02	-4.081454e-02	1.795259e-02	-6.970718e-02	-2.784200e-02	1.134165e-02	-3.021809e-02	5.836618e-02	-1.689945e-02	-3.152249e-02	-2.919618e+00	-2.919779e+00	-2.920087e+00	-2.919350e+00	-2.919407e+00	-2.919207e+00	-2.919705e+00	-2.918116e+00	-2.918605e+00	-2.917463e+00	-2.916642e+00	-2.916306e+00	-2.915688e+00	-2.915440e+00	-2.914810e+00	-2.914913e+00	-2.913877e+00	-2.913252e+00	-2.913265e+00	-2.912219e+00	-2.912599e+00	-2.912237e+00	-2.912262e+00	-2.912149e+00	-1.669226e-01	-1.668958e-01	-1.668432e-01	-1.667609e-01	-1.668902e-01	-1.668403e-01	-1.668037e-01	-1.665479e-01	-1.664702e-01	-1.663115e-01	-1.663557e-01	-1.662923e-01	-1.662287e-01	-1.660694e-01	-1.661424e-01	-1.661023e-01	-1.661206e-01	-1.659659e-01	-1.661274e-01	-1.661003e-01	-1.660007e-01	-1.659775e-01	-1.661064e-01	-1.660838e-01
4.940000e+03	-5.796391e-03	1.318661e-02	1.411200e-02	2.037170e-02	-4.647438e-02	-2.885697e-02	-4.070793e-02	-5.124851e-02	-4.340816e-02	-2.367013e-03	-4.419416e-03	-8.071534e-02	-2.933881e-02	-8.328253e-02	-3.205953e-03	-3.604703e-02	7.118395e-02	5.850795e-03	-3.540904e-02	-9.746287e-03	1.914360e-02	-3.704927e-02	-2.656389e-02	-1.778087e-02	2.828242e-02	-3.596786e-02	-2.285738e-02	1.478303e-02	6.955289e-02	-4.645142e-03	-1.729316e-02	-5.694527e-02	-3.468015e-02	1.166959e-02	-5.614256e-02	3.093908e-03	2.728632e-02	-1.326261e-02	4.210409e-02	3.218589e-02	-8.578729e-03	5.302138e-02	2.417891e-02	-1.227759e-02	2.209852e-02	1.064678e-02	-1.629038e-02	-1.491381e-02	-2.920038e+00	-2.920152e+00	-2.920929e+00	-2.919929e+00	-2.919966e+00	-2.919489e+00	-2.919415e+00	-2.918398e+00	-2.918743e+00	-2.917046e+00	-2.916789e+00	-2.916088e+00	-2.915620e+00	-2.915232e+00	-2.914988e+00	-2.914410e+00	-2.913689e+00	-2.913753e+00	-2.913290e+00	-2.912836e+00	-2.912574e+00	-2.912402e+00	-2.912214e+00	-2.912236e+00	-1.668454e-01	-1.667450e-01	-1.670298e-01	-1.669141e-01	-1.668054e-01	-1.669780e-01	-1.668067e-01	-1.665412e-01	-1.664271e-01	-1.662617e-01	-1.663059e-01	-1.662487e-01	-1.661957e-01	-1.661591e-01	-1.661760e-01	-1.660738e-01	-1.659678e-01	-1.660869e-01	-1.661375e-01	-1.661155e-01	-1.661465e-01	-1.661408e-01	-1.661320e-01	-1.660927e-01
4.942000e+03	-5.146492e-02	-9.300878e-02	-1.465449e-02	-4.027151e-02	-2.497390e-02	-1.319836e-03	-5.064034e-02	2.055485e-02	-4.498490e-02	-2.475162e-02	-5.493472e-03	3.033677e-02	-1.056178e-01	-6.794331e-02	-1.607555e-02	-4.183677e-02	-1.296881e-02	-1.642218e-02	3.135855e-02	-5.135361e-02	8.677817e-03	-5.780156e-02	-7.264694e-02	-3.993933e-02	-8.286584e-03	5.149895e-03	1.714864e-02	2.764954e-02	2.074717e-02	-1.314316e-02	3.327223e-02	1.444484e-02	-3.149404e-02	2.191553e-02	4.285627e-02	1.821111e-02	2.965871e-02	-3.431646e-02	-1.186252e-02	-1.853146e-02	-2.956568e-02	1.083082e-02	-1.931233e-02	1.105931e-02	5.036549e-04	-3.554061e-02	6.820307e-03	5.280046e-05	-2.919674e+00	-2.920145e+00	-2.919704e+00	-2.920025e+00	-2.919867e+00	-2.919933e+00	-2.919104e+00	-2.918610e+00	-2.918075e+00	-2.917286e+00	-2.916549e+00	-2.916441e+00	-2.916164e+00	-2.915668e+00	-2.914959e+00	-2.915086e+00	-2.913999e+00	-2.913625e+00	-2.913587e+00	-2.912618e+00	-2.911935e+00	-2.912003e+00	-2.911743e+00	-2.912664e+00	-1.667891e-01	-1.668991e-01	-1.669791e-01	-1.667962e-01	-1.667834e-01	-1.669960e-01	-1.667903e-01	-1.665935e-01	-1.663681e-01	-1.663476e-01	-1.663574e-01	-1.662494e-01	-1.661930e-01	-1.661563e-01	-1.661175e-01	-1.660679e-01	-1.660197e-01	-1.660967e-01	-1.661417e-01	-1.660162e-01	-1.661273e-01	-1.660737e-01	-1.660815e-01	-1.661067e-01
4.944000e+03	-2.032279e-02	8.691799e-03	-3.232596e-02	-1.068356e-01	1.312573e-02	-8.791664e-02	-1.286681e-04	-2.925135e-02	-5.738551e-02	-5.468286e-02	-4.111715e-02	2.950470e-02	-6.031089e-02	-7.971383e-02	-3.755921e-02	-4.936409e-02	-7.682837e-02	2.267810e-02	7.134773e-03	1.064398e-02	-6.475479e-02	2.737681e-02	-4.638610e-02	-6.402487e-03	2.557650e-02	-6.266092e-02	1.008695e-02	2.847566e-02	1.164611e-02	-3.956217e-03	4.137527e-02	-7.995616e-03	7.184632e-03	-7.212881e-03	-5.036935e-02	6.688705e-02	-2.732461e-02	1.398648e-02	4.081593e-02	5.532015e-03	-9.497347e-03	2.368884e-02	7.505737e-04	3.591506e-02	7.148274e-03	-2.646855e-02	1.265056e-02	-1.158176e-02	-2.920229e+00	-2.920497e+00	-2.920351e+00	-2.919548e+00	-2.919377e+00	-2.919320e+00	-2.918726e+00	-2.918566e+00	-2.917376e+00	-2.917268e+00	-2.916474e+00	-2.915933e+00	-2.915306e+00	-2.915265e+00	-2.914868e+00	-2.914087e+00	-2.914076e+00	-2.913780e+00	-2.913031e+00	-2.913196e+00	-2.912466e+00	-2.912518e+00	-2.912309e+00	-2.912229e+00	-1.668898e-01	-1.668647e-01	-1.669824e-01	-1.667080e-01	-1.666586e-01	-1.669309e-01	-1.667260e-01	-1.666571e-01	-1.664913e-01	-1.663486e-01	-1.662659e-01	-1.662221e-01	-1.661233e-01	-1.661761e-01	-1.661755e-01	-1.660697e-01	-1.660656e-01	-1.660835e-01	-1.659960e-01	-1.660109e-01	-1.661492e-01	-1.661301e-01	-1.660856e-01	-1.661667e-01
4.946000e+03	-3.318348e-02	-1.627873e-02	-1.174171e-02	-1.700484e-02	1.743403e-02	-7.862891e-03	-2.034036e-02	-2.001905e-02	-2.077006e-02	-3.953996e-03	-2.405809e-02	2.854784e-02	6.776474e-03	-1.076423e-01	-3.463141e-02	-1.840275e-03	-3.997671e-02	-1.226847e-02	1.065679e-02	-3.671334e-02	-2.309434e-02	4.859802e-02	2.945313e-02	-1.615025e-02	-4.486315e-02	3.463201e-02	-3.427814e-04	3.308921e-02	-5.748955e-02	2.246489e-03	2.242348e-02	2.146895e-02	3.862001e-04	1.846084e-02	9.994392e-03	-2.273802e-02	-2.245082e-02	-3.546159e-03	3.482364e-02	2.100099e-02	1.054322e-02	-3.490201e-03	7.845505e-03	-1.312883e-02	6.329676e-02	6.411167e-02	5.075474e-02	3.012042e-02	-2.920636e+00	-2.919494e+00	-2.920388e+00	-2.919923e+00	-2.919400e+00	-2.919693e+00	-2.919861e+00	-2.918622e+00	-2.918350e+00	-2.917641e+00	-2.916586e+00	-2.916341e+00	-2.915361e+00	-2.915732e+00	-2.915055e+00	-2.914670e+00	-2.914770e+00	-2.912928e+00	-2.912979e+00	-2.912374e+00	-2.912221e+00	-2.911973e+00	-2.912341e+00	-2.912475e+00	-1.668511e-01	-1.668339e-01	-1.668877e-01	-1.668246e-01	-1.667699e-01	-1.668361e-01	-1.668892e-01	-1.667578e-01	-1.665623e-01	-1.663835e-01	-1.663182e-01	-1.661515e-01	-1.661478e-01	-1.661635e-01	-1.661532e-01	-1.660870e-01	-1.661235e-01	-1.660014e-01	-1.659731e-01	-1.660059e-01	-1.661315e-01	-1.661277e-01	-1.660948e-01	-1.662831e-01
4.948000e+03	-4.374949e-02	5.917231e-02	-1.689155e-02	3.844529e-02	-3.950434e-03	-6.116719e-02	-2.484599e-02	1.480525e-02	-3.259911e-02	4.766470e-02	-4.820343e-02	-1.893338e-02	-2.724778e-02	-4.064919e-02	-9.733001e-02	1.204249e-02	-4.385057e-02	1.534033e-02	-2.101857e-02	-2.713129e-02	2.439004e-02	-4.132826e-02	7.434659e-03	2.897270e-03	3.955956e-04	2.499893e-02	-6.979371e-03	-2.375282e-02	6.938399e-02	4.207431e-02	3.255396e-02	6.164555e-02	-2.548672e-03	4.402136e-02	4.424143e-02	-6.528390e-02	-1.562919e-02	1.747410e-02	3.760622e-02	3.249443e-02	4.327187e-02	1.839021e-02	1.341095e-02	-3.332914e-02	-6.747875e-03	3.543409e-02	-2.559507e-02	4.415568e-02	-2.920131e+00	-2.920040e+00	-2.919855e+00	-2.919734e+00	-2.918854e+00	-2.919340e+00	-2.919459e+00	-2.918461e+00	-2.917952e+00	-2.917330e+00	-2.916552e+00	-2.916245e+00	-2.915381e+00	-2.914770e+00	-2.914647e+00	-2.914277e+00	-2.914217e+00	-2.913578e+00	-2.913301e+00	-2.912644e+00	-2.913058e+00	-2.912524e+00	-2.912394e+00	-2.912277e+00	-1.668295e-01	-1.667907e-01	-1.668857e-01	-1.668298e-01	-1.668665e-01	-1.667716e-01	-1.668884e-01	-1.666903e-01	-1.664998e-01	-1.663398e-01	-1.664157e-01	-1.662186e-01	-1.661415e-01	-1.661116e-01	-1.661277e-01	-1.660716e-01	-1.660853e-01	-1.660780e-01	-1.660500e-01	-1.661000e-01	-1.661021e-01	-1.660253e-01	-1.660157e-01	-1.662759e-01
4.950000e+03	2.311219e-02	9.733645e-03	-6.685284e-02	-1.540652e-02	2.100073e-02	-5.865902e-02	2.577464e-02	4.207626e-02	-3.910801e-02	-2.190442e-02	-3.238832e-02	-4.267380e-02	-2.725551e-02	-3.428041e-02	5.299436e-02	-2.699539e-02	-2.983210e-02	-8.085578e-02	-1.485059e-02	-1.310574e-02	2.718251e-02	-2.434333e-02	-1.196836e-01	2.642155e-02	6.153538e-02	-6.862761e-02	-3.739056e-02	-4.712883e-02	1.909956e-02	-9.267616e-03	-9.825519e-03	3.276245e-02	-7.383303e-02	3.563251e-02	-1.404394e-02	3.130456e-03	4.539274e-02	-1.142883e-02	-6.077492e-03	-1.894274e-02	-1.946090e-02	-1.990128e-02	-1.402827e-02	2.501577e-02	-1.759560e-02	1.459339e-02	1.878189e-02	9.079092e-02	-2.920265e+00	-2.920237e+00	-2.920250e+00	-2.919881e+00	-2.919892e+00	-2.919314e+00	-2.918849e+00	-2.918439e+00	-2.918024e+00	-2.917507e+00	-2.916229e+00	-2.916213e+00	-2.915251e+00	-2.915179e+00	-2.915008e+00	-2.914628e+00	-2.914431e+00	-2.912938e+00	-2.913109e+00	-2.912756e+00	-2.912305e+00	-2.911814e+00	-2.912479e+00	-2.912480e+00	-1.668592e-01	-1.667593e-01	-1.668642e-01	-1.667926e-01	-1.668038e-01	-1.667450e-01	-1.667970e-01	-1.666551e-01	-1.664853e-01	-1.664250e-01	-1.664417e-01	-1.662956e-01	-1.661622e-01	-1.660400e-01	-1.661117e-01	-1.660079e-01	-1.660709e-01	-1.660284e-01	-1.659975e-01	-1.660584e-01	-1.659722e-01	-1.660144e-01	-1.661328e-01	-1.662746e-01
4.952000e+03	-5.948642e-02	-1.933529e-02	-1.743889e-04	-3.446570e-02	-5.483984e-02	4.434873e-02	-1.689634e-02	5.727852e-02	-3.885438e-02	-5.404577e-02	-9.371023e-02	-2.329913e-02	-2.716282e-02	5.133956e-02	-3.503292e-02	-4.584004e-02	2.763244e-02	-6.214984e-02	4.382018e-02	-3.197559e-04	-1.868332e-02	-6.826204e-02	2.105357e-03	1.282599e-02	-1.907149e-02	4.268844e-02	4.744520e-02	-8.121049e-04	7.448655e-02	2.605518e-02	2.512883e-02	4.813552e-03	-4.076131e-02	3.226867e-02	5.572743e-02	-2.076554e-02	3.597501e-02	-6.395756e-02	-1.873489e-02	9.221666e-03	4.055661e-02	1.680841e-02	6.763746e-03	-1.711905e-02	8.768927e-03	-1.966696e-02	-9.107303e-03	2.475645e-02	-2.920412e+00	-2.920262e+00	-2.919860e+00	-2.920068e+00	-2.919491e+00	-2.919915e+00	-2.919220e+00	-2.918887e+00	-2.918103e+00	-2.916860e+00	-2.916985e+00	-2.916399e+00	-2.915556e+00	-2.915238e+00	-2.914502e+00	-2.914065e+00	-2.913959e+00	-2.913307e+00	-2.913179e+00	-2.912613e+00	-2.912279e+00	-2.912449e+00	-2.912305e+00	-2.912225e+00	-1.668082e-01	-1.668605e-01	-1.669068e-01	-1.668031e-01	-1.668114e-01	-1.668155e-01	-1.668547e-01	-1.666376e-01	-1.665907e-01	-1.664845e-01	-1.664795e-01	-1.662581e-01	-1.661563e-01	-1.660370e-01	-1.660369e-01	-1.660055e-01	-1.660357e-01	-1.660580e-01	-1.660329e-01	-1.659552e-01	-1.659948e-01	-1.661422e-01	-1.661778e-01	-1.661084e-01
4.954000e+03	-2.779260e-02	-2.113284e-02	-1.689794e-02	-4.783325e-02	-4.616266e-02	9.058080e-03	-1.188868e-02	3.132309e-03	6.784489e-02	2.216146e-02	2.967788e-02	-3.380915e-02	2.795752e-02	-5.620480e-02	5.471246e-02	4.627037e-02	-1.792498e-03	-3.503154e-02	6.420846e-02	-4.622031e-02	-4.676495e-02	-2.236155e-02	-5.215886e-02	5.105598e-03	7.629736e-03	-7.843976e-03	3.842002e-02	-4.791911e-02	7.043233e-02	3.772768e-02	8.495840e-03	-4.916307e-02	3.160902e-02	6.720230e-02	-3.118721e-02	1.127115e-02	-1.012980e-02	6.053603e-02	4.918942e-02	-3.868239e-02	-1.760546e-02	6.272190e-02	6.197048e-02	-2.037681e-02	3.978600e-02	3.892514e-02	2.122533e-02	3.912444e-02	-2.919866e+00	-2.920143e+00	-2.919882e+00	-2.919995e+00	-2.919476e+00	-2.919108e+00	-2.919495e+00	-2.918507e+00	-2.917995e+00	-2.917103e+00	-2.916503e+00	-2.916474e+00	-2.915555e+00	-2.915325e+00	-2.914461e+00	-2.914697e+00	-2.913921e+00	-2.913411e+00	-2.912619e+00	-2.912477e+00	-2.911945e+00	-2.912273e+00	-2.912475e+00	-2.912391e+00	-1.667677e-01	-1.668307e-01	-1.668643e-01	-1.667431e-01	-1.668749e-01	-1.668430e-01	-1.667561e-01	-1.664856e-01	-1.666391e-01	-1.665109e-01	-1.663521e-01	-1.663132e-01	-1.661899e-01	-1.661942e-01	-1.660589e-01	-1.660071e-01	-1.659984e-01	-1.660872e-01	-1.659818e-01	-1.660096e-01	-1.660758e-01	-1.661818e-01	-1.660642e-01	-1.661082e-01
4.956000e+03	7.187266e-03	-2.955552e-02	-7.348754e-02	4.075461e-02	-7.367102e-03	1.356034e-02	-1.583828e-02	2.325289e-02	-4.791630e-02	-4.824125e-02	-7.079180e-02	-5.305619e-02	-3.056620e-03	-5.388650e-02	7.387829e-03	3.234135e-02	1.358384e-03	-4.941974e-02	-2.473227e-02	-4.963131e-02	-1.465894e-03	1.830811e-02	-9.682409e-02	-8.234168e-03	-1.322522e-02	7.246388e-02	-7.244953e-03	-1.891808e-02	-6.000267e-02	1.422656e-01	3.518823e-02	-4.221788e-02	1.510304e-02	3.608152e-02	2.755831e-02	2.132385e-02	4.758372e-02	-1.743683e-02	1.413811e-02	4.258469e-02	1.315549e-02	3.339036e-02	7.534138e-02	-4.999720e-02	3.656936e-02	9.590396e-03	-4.992853e-02	3.438810e-03	-2.920678e+00	-2.919943e+00	-2.920187e+00	-2.920202e+00	-2.919506e+00	-2.919308e+00	-2.919340e+00	-2.918448e+00	-2.918218e+00	-2.917068e+00	-2.916908e+00	-2.916231e+00	-2.915770e+00	-2.915235e+00	-2.914599e+00	-2.914518e+00	-2.913725e+00	-2.913617e+00	-2.913560e+00	-2.913098e+00	-2.912633e+00	-2.912953e+00	-2.912175e+00	-2.038365e-01	-1.668089e-01	-1.668426e-01	-1.668216e-01	-1.667800e-01	-1.667796e-01	-1.668654e-01	-1.666495e-01	-1.664840e-01	-1.666002e-01	-1.664673e-01	-1.664036e-01	-1.664394e-01	-1.663173e-01	-1.661566e-01	-1.660355e-01	-1.661048e-01	-1.660651e-01	-1.660922e-01	-1.660277e-01	-1.659878e-01	-1.660920e-01	-1.660782e-01	-1.659931e-01	-1.162760e-02
4.958000e+03	-1.764189e-02	4.538968e-02	-6.615614e-02	-6.094387e-02	9.368320e-03	-6.808342e-03	-1.467953e-02	-8.682064e-03	-4.867306e-02	-1.676930e-02	-3.740804e-02	3.065846e-02	-2.441808e-02	-2.335314e-02	-3.219071e-02	-5.014372e-02	-1.014628e-02	1.550565e-02	2.434111e-02	-7.211845e-02	-2.300005e-02	-3.177744e-02	-5.879572e-02	0.000000e+00	-2.632115e-02	2.992456e-02	1.186836e-02	4.176628e-03	1.500771e-02	3.480120e-02	6.953712e-02	-3.074699e-02	-4.142875e-02	2.297921e-02	2.404432e-02	-1.442162e-02	-3.508585e-02	1.372656e-02	-3.899060e-03	-3.177464e-02	1.566627e-02	2.405599e-02	2.214433e-02	3.903179e-03	-1.492069e-03	-3.217339e-02	1.940279e-02	0.000000e+00	-2.920643e+00	-2.920623e+00	-2.919743e+00	-2.919751e+00	-2.919319e+00	-2.919364e+00	-2.919085e+00	-2.918052e+00	-2.918346e+00	-2.917208e+00	-2.917000e+00	-2.916170e+00	-2.916542e+00	-2.915000e+00	-2.914231e+00	-2.914330e+00	-2.914390e+00	-2.913605e+00	-2.913310e+00	-2.912332e+00	-2.912165e+00	-2.912505e+00	-2.912600e+00	0.000000e+00	-1.667557e-01	-1.668371e-01	-1.668148e-01	-1.668146e-01	-1.668218e-01	-1.667960e-01	-1.667469e-01	-1.666348e-01	-1.665466e-01	-1.664589e-01	-1.663771e-01	-1.663697e-01	-1.662753e-01	-1.661106e-01	-1.660141e-01	-1.659938e-01	-1.660607e-01	-1.660707e-01	-1.659832e-01	-1.659904e-01	-1.659243e-01	-1.659410e-01	-1.661710e-01	0.000000e+00
4.960000e+03	-5.082125e-02	-5.714213e-03	-2.579386e-02	-2.813028e-02	4.127897e-02	-1.212781e-02	-1.151855e-01	-3.197862e-02	-9.516507e-03	-1.069758e-02	7.679868e-03	-5.747866e-03	3.460423e-02	-4.275033e-02	-3.679394e-02	-5.501799e-04	-3.127405e-02	9.263357e-02	-8.703372e-02	-5.286280e-02	-8.364056e-02	-9.994355e-03	2.435272e-02	0.000000e+00	-2.568377e-02	7.804441e-02	1.805128e-02	7.261779e-03	8.047404e-02	1.390032e-03	-7.562864e-02	-1.244064e-02	3.208359e-02	-3.031182e-03	1.406172e-02	-3.545532e-02	-4.627249e-02	1.018418e-01	2.257776e-02	-3.127546e-02	8.050107e-03	-1.113836e-03	8.569236e-03	3.519685e-03	2.014019e-02	2.371465e-02	-9.562592e-03	0.000000e+00	-2.920304e+00	-2.920283e+00	-2.920197e+00	-2.920022e+00	-2.919367e+00	-2.919461e+00	-2.918773e+00	-2.918065e+00	-2.918163e+00	-2.917560e+00	-2.916654e+00	-2.916650e+00	-2.915886e+00	-2.914884e+00	-2.914441e+00	-2.914606e+00	-2.913771e+00	-2.914450e+00	-2.912962e+00	-2.913046e+00	-2.912378e+00	-2.912626e+00	-2.912656e+00	0.000000e+00	-1.667744e-01	-1.668046e-01	-1.668620e-01	-1.668230e-01	-1.668422e-01	-1.668112e-01	-1.666371e-01	-1.666167e-01	-1.665227e-01	-1.663847e-01	-1.663713e-01	-1.664121e-01	-1.661852e-01	-1.663318e-01	-1.661635e-01	-1.660341e-01	-1.660128e-01	-1.661002e-01	-1.659505e-01	-1.660360e-01	-1.659501e-01	-1.661197e-01	-1.661138e-01	0.000000e+00
4.962000e+03	-4.020749e-03	-2.755188e-03	4.050065e-02	-5.111376e-02	-4.138902e-02	-1.646581e-02	9.395165e-02	9.494088e-03	-1.606727e-02	-6.268113e-02	-6.934103e-02	5.334458e-02	1.936997e-02	-3.507222e-03	-1.283066e-02	9.660462e-03	-7.736263e-02	-3.092627e-03	9.536774e-03	-4.405571e-02	-1.600217e-02	-2.524443e-02	-1.005434e-02	0.000000e+00	3.313958e-03	-1.038394e-02	3.345344e-02	6.521173e-02	-4.716720e-03	-2.415036e-02	-2.343244e-02	-5.959304e-03	9.983944e-02	-9.268478e-03	2.499583e-02	-4.441429e-02	-2.682646e-02	1.407609e-02	4.276808e-02	1.914924e-02	2.933214e-02	-2.201329e-02	4.493608e-02	-8.480356e-04	2.005730e-03	-3.975967e-02	-3.915943e-02	0.000000e+00	-2.920095e+00	-2.920355e+00	-2.920001e+00	-2.920006e+00	-2.919250e+00	-2.919221e+00	-2.918892e+00	-2.918634e+00	-2.917868e+00	-2.917635e+00	-2.916613e+00	-2.916563e+00	-2.915821e+00	-2.915420e+00	-2.914920e+00	-2.914005e+00	-2.913974e+00	-2.913672e+00	-2.912835e+00	-2.912265e+00	-2.912180e+00	-2.912629e+00	-2.912470e+00	0.000000e+00	-1.667143e-01	-1.667763e-01	-1.668373e-01	-1.668146e-01	-1.667538e-01	-1.667580e-01	-1.666497e-01	-1.665658e-01	-1.664866e-01	-1.664849e-01	-1.665155e-01	-1.663101e-01	-1.663951e-01	-1.662746e-01	-1.661503e-01	-1.660042e-01	-1.659720e-01	-1.659887e-01	-1.659984e-01	-1.659311e-01	-1.660067e-01	-1.660309e-01	-1.660889e-01	0.000000e+00
4.964000e+03	-4.444130e-02	-5.501672e-02	3.089782e-02	-9.840158e-02	-7.107175e-02	3.912075e-02	-6.379010e-02	4.568961e-02	-5.014241e-02	4.020466e-02	1.925029e-02	-7.818056e-02	1.378927e-02	4.373914e-02	3.003353e-03	-1.765411e-02	-2.390014e-02	-3.886974e-02	-7.816402e-02	-7.114992e-02	-6.785803e-02	9.141042e-03	-5.524737e-02	0.000000e+00	9.007985e-03	2.849995e-02	1.771968e-02	3.925506e-02	-2.560238e-02	1.073221e-01	3.306846e-05	-1.102054e-02	-4.463183e-02	-2.787072e-02	-1.744448e-02	-8.531474e-02	9.934066e-02	-6.079439e-03	5.559601e-03	1.334530e-02	5.589327e-03	-2.922615e-02	5.923127e-02	4.885357e-02	3.485707e-03	-4.771791e-03	-2.139428e-02	0.000000e+00	-2.920218e+00	-2.919777e+00	-2.920362e+00	-2.920205e+00	-2.919636e+00	-2.919283e+00	-2.919095e+00	-2.918845e+00	-2.918675e+00	-2.917420e+00	-2.916878e+00	-2.916138e+00	-2.915366e+00	-2.915035e+00	-2.914901e+00	-2.914107e+00	-2.913876e+00	-2.914219e+00	-2.913673e+00	-2.912756e+00	-2.912487e+00	-2.912231e+00	-2.912697e+00	0.000000e+00	-1.667600e-01	-1.668161e-01	-1.668226e-01	-1.667194e-01	-1.667564e-01	-1.668568e-01	-1.665716e-01	-1.666056e-01	-1.665306e-01	-1.664762e-01	-1.663561e-01	-1.661806e-01	-1.664368e-01	-1.662082e-01	-1.661193e-01	-1.660002e-01	-1.660278e-01	-1.660554e-01	-1.660442e-01	-1.659768e-01	-1.660048e-01	-1.660420e-01	-1.660434e-01	0.000000e+00
4.966000e+03	-9.292126e-03	1.696524e-02	-4.685647e-02	-1.796751e-02	-8.386543e-02	-4.064401e-02	-6.033339e-02	-7.761511e-02	3.055187e-02	-2.636562e-02	-5.672492e-02	-7.817570e-02	-1.860495e-02	3.128264e-03	3.515745e-02	-4.585207e-02	-6.636709e-02	-5.647438e-02	-5.478026e-02	2.503634e-02	-6.858385e-02	-4.409924e-02	-2.730741e-02	0.000000e+00	3.893084e-02	-5.312034e-02	1.326857e-02	-1.677672e-02	1.004295e-02	1.437361e-02	2.906063e-02	-4.904145e-02	-2.089429e-02	3.894580e-02	-1.596609e-02	-6.773757e-02	2.460240e-02	4.233505e-03	1.288092e-02	1.472572e-02	4.368324e-02	4.746550e-02	-2.134404e-02	7.651480e-03	-5.137602e-03	6.739744e-02	4.421077e-03	0.000000e+00	-2.920484e+00	-2.919925e+00	-2.919950e+00	-2.919540e+00	-2.919510e+00	-2.919529e+00	-2.918894e+00	-2.918310e+00	-2.918080e+00	-2.917501e+00	-2.916483e+00	-2.916500e+00	-2.916177e+00	-2.915543e+00	-2.915063e+00	-2.914686e+00	-2.914498e+00	-2.914001e+00	-2.913616e+00	-2.912722e+00	-2.912289e+00	-2.912344e+00	-2.912251e+00	0.000000e+00	-1.669050e-01	-1.667966e-01	-1.667704e-01	-1.667308e-01	-1.667514e-01	-1.667746e-01	-1.666229e-01	-1.665252e-01	-1.665065e-01	-1.665466e-01	-1.662846e-01	-1.661556e-01	-1.664506e-01	-1.662628e-01	-1.662687e-01	-1.661722e-01	-1.661242e-01	-1.660477e-01	-1.659277e-01	-1.659486e-01	-1.660125e-01	-1.660484e-01	-1.660528e-01	0.000000e+00
4.968000e+03	-6.205407e-02	-1.942082e-02	-2.625412e-02	-4.320590e-03	-4.411268e-02	-2.615253e-02	-4.662300e-02	-6.683135e-02	3.912484e-02	-3.774827e-02	-1.049917e-02	-3.646312e-02	-7.850428e-02	-8.295357e-02	4.368883e-03	-5.893170e-02	3.538020e-02	1.657652e-02	-1.703181e-02	5.658141e-02	8.789766e-04	1.645373e-02	-3.210527e-02	0.000000e+00	-1.580043e-02	-6.836834e-02	7.063742e-02	-1.806317e-02	3.860504e-02	-3.411340e-02	2.454951e-02	3.940687e-02	-4.128048e-02	1.119683e-01	2.714995e-03	5.298505e-02	1.004689e-02	-2.135084e-02	6.537007e-02	5.732713e-02	1.030938e-02	-2.765869e-03	3.594207e-02	-8.730320e-03	4.912525e-02	-4.628723e-02	2.162457e-03	0.000000e+00	-2.920077e+00	-2.919858e+00	-2.920782e+00	-2.919987e+00	-2.919733e+00	-2.919301e+00	-2.919282e+00	-2.918035e+00	-2.918055e+00	-2.917212e+00	-2.916904e+00	-2.916090e+00	-2.915695e+00	-2.915048e+00	-2.915036e+00	-2.914348e+00	-2.914056e+00	-2.914246e+00	-2.913542e+00	-2.912684e+00	-2.912716e+00	-2.912782e+00	-2.912265e+00	0.000000e+00	-1.668571e-01	-1.667644e-01	-1.668408e-01	-1.667687e-01	-1.667904e-01	-1.667080e-01	-1.666789e-01	-1.665501e-01	-1.663974e-01	-1.664202e-01	-1.664419e-01	-1.664050e-01	-1.663014e-01	-1.662825e-01	-1.663554e-01	-1.661770e-01	-1.660250e-01	-1.659977e-01	-1.659202e-01	-1.659234e-01	-1.659929e-01	-1.659657e-01	-1.660670e-01	0.000000e+00
4.970000e+03	-7.294455e-02	-5.768400e-02	-1.003707e-02	-2.322595e-02	2.664822e-02	-6.081228e-02	-9.125998e-02	2.002228e-02	-5.673512e-02	-6.379316e-03	-7.276541e-02	-5.385257e-02	-5.125861e-02	6.921581e-02	-1.890677e-02	-3.085634e-02	-6.480693e-03	1.025270e-02	-4.476146e-02	-4.899204e-02	1.123466e-02	5.102948e-04	-8.270319e-02	0.000000e+00	1.178642e-03	1.125229e-01	-5.925535e-03	1.037025e-02	5.607394e-02	-2.395904e-02	-1.968346e-03	8.579431e-03	-3.185465e-02	3.897602e-02	2.896423e-02	-2.948898e-02	-3.677502e-03	-7.254620e-03	-1.856706e-02	1.267042e-02	-2.734988e-02	2.793009e-02	5.391576e-02	1.763067e-02	-9.316608e-03	2.049631e-02	-1.027922e-02	0.000000e+00	-2.920406e+00	-2.920475e+00	-2.920296e+00	-2.919513e+00	-2.919243e+00	-2.919594e+00	-2.919175e+00	-2.918292e+00	-2.918054e+00	-2.917199e+00	-2.916389e+00	-2.915760e+00	-2.915572e+00	-2.915180e+00	-2.914843e+00	-2.914433e+00	-2.914649e+00	-2.913549e+00	-2.913063e+00	-2.912523e+00	-2.912664e+00	-2.912302e+00	-2.912538e+00	0.000000e+00	-1.668739e-01	-1.670104e-01	-1.668465e-01	-1.667487e-01	-1.667845e-01	-1.667282e-01	-1.666396e-01	-1.665588e-01	-1.663858e-01	-1.663770e-01	-1.664070e-01	-1.663337e-01	-1.661880e-01	-1.663704e-01	-1.662424e-01	-1.661244e-01	-1.660023e-01	-1.660615e-01	-1.659844e-01	-1.659378e-01	-1.659390e-01	-1.659729e-01	-1.660659e-01	0.000000e+00
4.972000e+03	2.238777e-02	-3.733696e-02	-7.106858e-03	-5.893279e-02	2.746395e-02	-5.646668e-02	4.164436e-02	-3.085219e-02	-4.125412e-02	-2.330250e-02	-8.360226e-02	3.468873e-02	-6.114197e-02	-1.069255e-01	1.051825e-02	2.916318e-02	-4.291435e-02	-3.089150e-02	2.137074e-02	-2.782463e-02	5.485796e-03	-5.197564e-02	-8.067125e-02	0.000000e+00	7.000092e-03	-2.911775e-02	3.511075e-03	-2.149309e-02	5.745073e-02	-1.958761e-03	5.639127e-02	-5.420133e-02	5.454536e-02	-7.502474e-02	-1.949978e-02	6.191116e-04	-4.645805e-02	1.811518e-02	-3.612353e-02	4.976028e-02	3.079237e-02	-3.691701e-02	5.109793e-03	3.281646e-02	-3.253905e-03	1.281713e-02	5.210411e-02	0.000000e+00	-2.920084e+00	-2.920141e+00	-2.920058e+00	-2.919737e+00	-2.919768e+00	-2.919277e+00	-2.918818e+00	-2.918210e+00	-2.918434e+00	-2.917127e+00	-2.916764e+00	-2.915828e+00	-2.915178e+00	-2.914559e+00	-2.914427e+00	-2.914366e+00	-2.913897e+00	-2.913162e+00	-2.912493e+00	-2.912739e+00	-2.912496e+00	-2.912321e+00	-2.912460e+00	0.000000e+00	-1.669493e-01	-1.669410e-01	-1.668630e-01	-1.667421e-01	-1.667438e-01	-1.667861e-01	-1.666172e-01	-1.664583e-01	-1.664970e-01	-1.663377e-01	-1.664182e-01	-1.662610e-01	-1.661338e-01	-1.662964e-01	-1.662009e-01	-1.662265e-01	-1.661222e-01	-1.660453e-01	-1.659638e-01	-1.659351e-01	-1.658802e-01	-1.660075e-01	-1.661033e-01	0.000000e+00
4.974000e+03	2.579738e-03	-1.196437e-02	-1.000357e-01	6.427417e-02	-4.903394e-02	5.429623e-02	-1.363652e-03	-5.406810e-03	-5.941236e-02	-2.614243e-02	-8.648899e-02	9.456566e-03	-7.382106e-03	-5.699881e-02	-7.423660e-02	3.061861e-02	2.264198e-02	-4.447526e-03	6.040690e-03	-1.882253e-02	-5.966352e-02	-1.522197e-02	-1.819867e-02	0.000000e+00	2.945516e-02	3.417153e-02	1.464579e-02	-9.686045e-02	4.541016e-02	3.015525e-03	7.428777e-03	-4.299594e-02	8.825828e-02	3.079402e-02	-3.813465e-02	-3.252253e-02	6.102216e-03	7.087795e-03	-4.180540e-02	2.475948e-02	1.701983e-02	-4.859383e-02	-3.249297e-02	1.986359e-02	3.862237e-02	2.700438e-02	2.273648e-02	0.000000e+00	-2.920565e+00	-2.919932e+00	-2.919769e+00	-2.919641e+00	-2.919855e+00	-2.918933e+00	-2.919122e+00	-2.918333e+00	-2.917608e+00	-2.917574e+00	-2.916213e+00	-2.916258e+00	-2.915550e+00	-2.915310e+00	-2.914610e+00	-2.914335e+00	-2.914134e+00	-2.913120e+00	-2.913193e+00	-2.912631e+00	-2.912590e+00	-2.912389e+00	-2.912326e+00	0.000000e+00	-1.669983e-01	-1.669749e-01	-1.668251e-01	-1.666678e-01	-1.668238e-01	-1.667333e-01	-1.665822e-01	-1.664606e-01	-1.664617e-01	-1.664011e-01	-1.663165e-01	-1.662824e-01	-1.661862e-01	-1.662937e-01	-1.661473e-01	-1.663054e-01	-1.662195e-01	-1.660367e-01	-1.659204e-01	-1.658872e-01	-1.659524e-01	-1.660051e-01	-1.660578e-01	0.000000e+00
4.976000e+03	-5.918611e-05	-2.774959e-02	5.727401e-02	5.100362e-02	6.110633e-03	-3.947183e-02	-3.388918e-02	3.080316e-02	-2.334767e-02	9.226065e-04	8.240293e-03	-1.574870e-03	2.027647e-02	3.208290e-03	-5.186303e-02	3.772465e-02	2.973506e-03	-4.154751e-02	-7.514401e-02	-4.792995e-02	-8.694722e-02	-3.093705e-02	-3.592776e-02	0.000000e+00	1.708967e-03	6.660572e-04	1.527853e-02	-2.688363e-02	2.404820e-02	-2.030479e-02	-8.822952e-03	-3.794088e-02	1.039697e-02	1.983029e-02	-3.098598e-02	-1.158985e-02	3.091600e-02	4.611602e-02	-6.916106e-02	3.638240e-02	-6.915821e-04	-8.833955e-02	6.484789e-03	6.849027e-03	-4.768024e-02	-4.624779e-02	-4.847804e-02	0.000000e+00	-2.920637e+00	-2.920277e+00	-2.920456e+00	-2.919881e+00	-2.919110e+00	-2.919030e+00	-2.918656e+00	-2.918618e+00	-2.918041e+00	-2.917717e+00	-2.916774e+00	-2.916242e+00	-2.915724e+00	-2.914757e+00	-2.915320e+00	-2.914166e+00	-2.913709e+00	-2.913101e+00	-2.913054e+00	-2.912784e+00	-2.912550e+00	-2.912380e+00	-2.912589e+00	0.000000e+00	-1.670030e-01	-1.669585e-01	-1.669414e-01	-1.667826e-01	-1.668256e-01	-1.666963e-01	-1.665030e-01	-1.664651e-01	-1.664587e-01	-1.664384e-01	-1.663478e-01	-1.663199e-01	-1.662497e-01	-1.662112e-01	-1.660719e-01	-1.662574e-01	-1.661502e-01	-1.659409e-01	-1.659590e-01	-1.659563e-01	-1.659423e-01	-1.659216e-01	-1.659841e-01	0.000000e+00
4.978000e+03	1.788364e-02	-2.396153e-02	-4.422439e-02	-9.535614e-02	-1.810921e-02	-6.286316e-02	1.984580e-02	-3.712163e-02	-8.514884e-03	-2.467652e-02	-2.339390e-02	-6.627600e-02	3.872452e-02	4.470810e-03	-1.299713e-02	1.976083e-02	-4.230096e-02	6.372879e-03	2.376325e-02	2.860920e-02	-4.616314e-02	-1.849444e-02	3.504575e-02	0.000000e+00	2.352738e-02	1.428647e-02	2.868094e-02	2.887275e-02	-5.629296e-03	-2.383864e-03	8.094225e-03	7.274081e-02	-1.709016e-02	2.175580e-02	3.583275e-02	-8.265649e-03	6.211836e-02	3.155378e-02	7.843748e-02	-3.936136e-02	3.114912e-02	3.373464e-02	1.141106e-01	2.489314e-02	-1.294032e-02	-5.298503e-02	1.291069e-02	0.000000e+00	-2.919851e+00	-2.920123e+00	-2.919865e+00	-2.919292e+00	-2.919416e+00	-2.919063e+00	-2.918820e+00	-2.918606e+00	-2.917710e+00	-2.916938e+00	-2.916631e+00	-2.916058e+00	-2.915517e+00	-2.915034e+00	-2.914518e+00	-2.914491e+00	-2.914019e+00	-2.913589e+00	-2.913318e+00	-2.912488e+00	-2.912436e+00	-2.912182e+00	-2.912149e+00	0.000000e+00	-1.669510e-01	-1.670018e-01	-1.670742e-01	-1.668519e-01	-1.668171e-01	-1.666391e-01	-1.665350e-01	-1.665817e-01	-1.663967e-01	-1.663459e-01	-1.664156e-01	-1.662854e-01	-1.662724e-01	-1.661285e-01	-1.662049e-01	-1.661912e-01	-1.661883e-01	-1.660825e-01	-1.661952e-01	-1.660731e-01	-1.659233e-01	-1.658612e-01	-1.660904e-01	0.000000e+00
4.980000e+03	1.597875e-03	-3.060211e-02	-3.997467e-02	2.931149e-02	3.189486e-02	3.053066e-03	3.199346e-02	-3.809207e-02	-5.135089e-02	-3.201690e-02	-2.622847e-02	3.613848e-02	2.528142e-02	6.874333e-02	1.997935e-02	-2.716475e-02	-5.514923e-03	2.428220e-02	6.228501e-02	-3.079753e-02	-4.290397e-02	-4.961619e-02	1.701298e-02	0.000000e+00	-2.953716e-02	-4.231508e-02	7.076844e-02	-4.600214e-02	-1.384135e-03	-3.424971e-02	-5.354621e-02	-2.685496e-02	-1.580307e-03	6.243619e-03	-1.634720e-02	-3.335118e-02	1.582939e-02	3.414978e-02	-5.725396e-02	4.342820e-02	-2.314520e-02	-3.922255e-02	1.431026e-03	2.571994e-02	1.149771e-02	-9.252507e-02	-8.588229e-04	0.000000e+00	-2.919899e+00	-2.920274e+00	-2.920291e+00	-2.919962e+00	-2.919322e+00	-2.919204e+00	-2.918338e+00	-2.918734e+00	-2.917840e+00	-2.917307e+00	-2.916726e+00	-2.916552e+00	-2.915667e+00	-2.914988e+00	-2.914667e+00	-2.914221e+00	-2.913939e+00	-2.913375e+00	-2.913157e+00	-2.913157e+00	-2.912500e+00	-2.912011e+00	-2.912421e+00	0.000000e+00	-1.668081e-01	-1.670526e-01	-1.670560e-01	-1.668114e-01	-1.667620e-01	-1.666506e-01	-1.664668e-01	-1.664939e-01	-1.663566e-01	-1.663548e-01	-1.663288e-01	-1.662834e-01	-1.662103e-01	-1.662446e-01	-1.662514e-01	-1.662071e-01	-1.660227e-01	-1.660192e-01	-1.661277e-01	-1.660332e-01	-1.659581e-01	-1.658332e-01	-1.660946e-01	0.000000e+00
4.982000e+03	1.643077e-02	5.508742e-02	-1.776618e-02	-1.506260e-02	-9.149154e-02	2.224749e-02	-4.467206e-02	3.988207e-02	6.283385e-02	2.485776e-02	1.741714e-02	-1.358895e-02	-6.323868e-02	-2.373688e-02	-2.011000e-02	-1.019095e-02	3.026920e-02	1.237299e-02	4.308400e-02	-3.369057e-02	2.454624e-02	7.508070e-03	4.529520e-02	0.000000e+00	5.666677e-02	-3.224857e-02	4.315048e-02	-4.818779e-03	4.214229e-02	1.437844e-02	3.907963e-02	2.481440e-02	8.409602e-02	-2.052744e-02	-1.892921e-02	-1.119033e-01	-4.839905e-02	-1.618441e-02	-3.632166e-02	2.108920e-02	-4.718266e-02	-2.372654e-03	-1.627396e-02	3.590601e-02	-4.587082e-03	-7.435779e-03	1.196091e-02	0.000000e+00	-2.920492e+00	-2.919959e+00	-2.920332e+00	-2.919734e+00	-2.920107e+00	-2.919519e+00	-2.918314e+00	-2.918398e+00	-2.917600e+00	-2.916863e+00	-2.916576e+00	-2.915979e+00	-2.915173e+00	-2.915333e+00	-2.914672e+00	-2.914128e+00	-2.913960e+00	-2.913334e+00	-2.912919e+00	-2.912808e+00	-2.912267e+00	-2.912891e+00	-2.912682e+00	0.000000e+00	-1.668923e-01	-1.669926e-01	-1.670427e-01	-1.668211e-01	-1.668344e-01	-1.668346e-01	-1.665897e-01	-1.664852e-01	-1.664033e-01	-1.663257e-01	-1.663260e-01	-1.661515e-01	-1.662528e-01	-1.662013e-01	-1.662246e-01	-1.661417e-01	-1.660163e-01	-1.660123e-01	-1.660744e-01	-1.659819e-01	-1.661064e-01	-1.660851e-01	-1.661180e-01	0.000000e+00
4.984000e+03	-7.558236e-03	-1.143539e-02	-8.871162e-03	-1.478800e-02	6.762505e-02	4.579816e-02	3.446139e-02	2.990040e-02	1.665429e-02	-7.216927e-02	1.337816e-02	3.740787e-02	-5.708027e-02	5.653377e-02	4.630553e-02	-4.474182e-02	4.033157e-03	2.642262e-02	-1.057848e-03	5.837073e-03	-2.600592e-02	-1.191894e-02	5.330040e-02	0.000000e+00	-1.209310e-02	-1.266752e-02	2.530242e-02	5.262857e-02	-1.610170e-02	1.127552e-03	-1.312472e-03	-2.217636e-02	-4.240597e-02	-6.763571e-02	7.377122e-02	5.294856e-02	4.449788e-02	2.554797e-02	2.479913e-03	-3.297354e-02	8.445092e-02	8.079521e-02	-2.016426e-03	-3.798535e-02	6.942280e-02	4.510233e-02	-6.169773e-02	0.000000e+00	-2.920223e+00	-2.919981e+00	-2.920229e+00	-2.919523e+00	-2.919756e+00	-2.919541e+00	-2.918337e+00	-2.918789e+00	-2.918288e+00	-2.917608e+00	-2.916922e+00	-2.916721e+00	-2.915885e+00	-2.915637e+00	-2.914857e+00	-2.914350e+00	-2.913634e+00	-2.912779e+00	-2.913579e+00	-2.912278e+00	-2.912164e+00	-2.912510e+00	-2.912248e+00	0.000000e+00	-1.668215e-01	-1.669949e-01	-1.670017e-01	-1.669672e-01	-1.669779e-01	-1.668904e-01	-1.665652e-01	-1.664438e-01	-1.663578e-01	-1.663117e-01	-1.664017e-01	-1.662748e-01	-1.663036e-01	-1.662310e-01	-1.661370e-01	-1.660617e-01	-1.662376e-01	-1.662018e-01	-1.659871e-01	-1.660947e-01	-1.661320e-01	-1.660681e-01	-1.659924e-01	0.000000e+00
4.986000e+03	4.793731e-03	7.161645e-02	-8.541293e-02	-4.384937e-02	-5.064756e-02	3.657951e-03	1.490141e-03	6.333615e-03	1.128450e-02	-4.434846e-03	2.815584e-02	6.151087e-03	-6.289266e-02	2.006330e-02	-3.885962e-02	2.173544e-02	1.472330e-02	1.014654e-02	2.098745e-04	-6.068486e-02	-1.652235e-02	6.217709e-02	-2.191258e-02	0.000000e+00	2.014783e-02	5.746728e-02	-2.299891e-03	3.593455e-02	-8.250026e-03	3.629368e-02	-3.660144e-02	-6.989747e-02	8.453920e-03	1.460936e-02	1.522636e-02	-2.669609e-02	-2.627004e-02	4.216440e-02	-2.759318e-03	2.082745e-02	-2.572683e-02	5.307747e-03	-6.187735e-03	3.576191e-02	-6.217642e-02	4.141486e-02	1.907117e-02	0.000000e+00	-2.919499e+00	-2.919953e+00	-2.920091e+00	-2.919791e+00	-2.919458e+00	-2.919298e+00	-2.918595e+00	-2.918727e+00	-2.917758e+00	-2.917446e+00	-2.916548e+00	-2.916198e+00	-2.915773e+00	-2.915619e+00	-2.914344e+00	-2.915313e+00	-2.914055e+00	-2.913338e+00	-2.913425e+00	-2.912641e+00	-2.912467e+00	-2.913029e+00	-2.912575e+00	0.000000e+00	-1.668313e-01	-1.669923e-01	-1.667851e-01	-1.669900e-01	-1.669718e-01	-1.668635e-01	-1.665006e-01	-1.664002e-01	-1.664369e-01	-1.663312e-01	-1.662966e-01	-1.661813e-01	-1.662218e-01	-1.662205e-01	-1.661496e-01	-1.662371e-01	-1.662120e-01	-1.660554e-01	-1.659874e-01	-1.661379e-01	-1.660508e-01	-1.661027e-01	-1.660411e-01	0.000000e+00
4.988000e+03	-3.020722e-02	3.079308e-02	2.673332e-03	-1.062114e-01	-4.771327e-02	3.283412e-02	1.312228e-02	-1.259551e-02	1.407637e-02	-8.838765e-02	-4.816129e-02	6.238108e-02	-4.160179e-02	-2.918444e-02	2.890551e-02	-2.424026e-02	1.437487e-03	-4.649567e-02	4.729457e-03	-1.263355e-02	-1.196400e-02	3.680136e-02	-2.724368e-02	0.000000e+00	1.116070e-02	1.756710e-02	-1.024342e-02	5.828911e-02	2.184275e-02	2.063242e-03	-8.791274e-02	4.045115e-02	6.019667e-03	-5.047336e-02	-9.173162e-03	-4.033118e-03	-8.230595e-02	1.015472e-02	5.825677e-02	2.174548e-02	-9.939970e-03	-2.746562e-02	5.572932e-03	7.536725e-03	-1.419404e-02	2.566884e-02	2.013142e-02	0.000000e+00	-2.920304e+00	-2.920212e+00	-2.920475e+00	-2.919607e+00	-2.919371e+00	-2.919468e+00	-2.918664e+00	-2.919034e+00	-2.918263e+00	-2.916984e+00	-2.917008e+00	-2.916172e+00	-2.915869e+00	-2.914894e+00	-2.914378e+00	-2.914647e+00	-2.913749e+00	-2.913121e+00	-2.912934e+00	-2.912459e+00	-2.912406e+00	-2.912288e+00	-2.912511e+00	0.000000e+00	-1.668468e-01	-1.668438e-01	-1.668170e-01	-1.669550e-01	-1.668994e-01	-1.667967e-01	-1.666646e-01	-1.666807e-01	-1.664570e-01	-1.662111e-01	-1.663174e-01	-1.662479e-01	-1.661651e-01	-1.660983e-01	-1.661718e-01	-1.662249e-01	-1.661847e-01	-1.659843e-01	-1.659540e-01	-1.660722e-01	-1.660328e-01	-1.661567e-01	-1.661681e-01	0.000000e+00
4.990000e+03	-7.145992e-02	-3.034450e-02	3.735279e-02	-3.858426e-02	1.561457e-02	-9.049909e-02	2.259204e-03	-3.789187e-02	4.020635e-02	-2.514921e-02	-3.969027e-02	-1.768577e-02	-4.079000e-02	9.546916e-04	-2.820063e-02	-1.113610e-02	-4.291349e-02	4.418298e-02	-5.570523e-02	-9.645470e-02	7.708068e-03	1.734760e-02	5.969102e-02	0.000000e+00	1.751591e-02	-8.632338e-03	4.205019e-02	-5.734303e-02	1.791892e-02	-1.433385e-02	3.072220e-02	-5.307151e-03	8.103833e-03	7.039296e-03	1.601421e-02	1.555917e-02	-8.200292e-02	3.471340e-02	-1.835790e-02	4.439620e-02	4.454228e-02	-8.091619e-02	3.938424e-03	-1.367521e-02	-4.795421e-02	-4.141057e-02	1.557626e-02	0.000000e+00	-2.919739e+00	-2.920455e+00	-2.920097e+00	-2.919364e+00	-2.919311e+00	-2.919219e+00	-2.918935e+00	-2.918678e+00	-2.917456e+00	-2.917113e+00	-2.916954e+00	-2.915511e+00	-2.916158e+00	-2.915770e+00	-2.914190e+00	-2.914506e+00	-2.914572e+00	-2.912954e+00	-2.912840e+00	-2.912958e+00	-2.911937e+00	-2.912237e+00	-2.912774e+00	0.000000e+00	-1.667666e-01	-1.669144e-01	-1.669586e-01	-1.668694e-01	-1.668189e-01	-1.667048e-01	-1.667666e-01	-1.665949e-01	-1.663479e-01	-1.662356e-01	-1.663422e-01	-1.661995e-01	-1.661513e-01	-1.661890e-01	-1.660974e-01	-1.661419e-01	-1.660959e-01	-1.659510e-01	-1.660719e-01	-1.660475e-01	-1.660766e-01	-1.661391e-01	-1.661689e-01	0.000000e+00
4.992000e+03	1.278478e-03	-1.915781e-02	5.715696e-03	-7.023771e-03	8.906893e-02	-4.072963e-02	2.248054e-02	-3.968498e-03	-2.234889e-02	-4.228329e-02	-2.699903e-02	1.699148e-02	-3.048284e-02	-3.416240e-02	3.387192e-03	3.144345e-02	-5.004429e-02	3.059061e-02	-5.062760e-02	1.928109e-04	-1.399721e-02	-7.470969e-02	6.263023e-03	0.000000e+00	1.457009e-02	2.674113e-02	4.978235e-02	6.166666e-02	1.084220e-03	-5.079790e-02	-1.528095e-02	2.814862e-02	1.706298e-03	-1.375504e-03	-6.681321e-02	2.156005e-02	7.468234e-02	1.412394e-02	2.672497e-02	-1.763908e-02	-1.055463e-02	-1.207646e-02	-3.745201e-02	5.716578e-02	-9.743617e-03	-7.841413e-02	1.041364e-02	0.000000e+00	-2.919914e+00	-2.920246e+00	-2.920292e+00	-2.919634e+00	-2.919316e+00	-2.919143e+00	-2.918792e+00	-2.918489e+00	-2.917971e+00	-2.917165e+00	-2.916578e+00	-2.916067e+00	-2.915074e+00	-2.914998e+00	-2.914568e+00	-2.914550e+00	-2.913987e+00	-2.913089e+00	-2.913229e+00	-2.912531e+00	-2.912334e+00	-2.912175e+00	-2.912397e+00	0.000000e+00	-1.668218e-01	-1.669282e-01	-1.669782e-01	-1.669138e-01	-1.667770e-01	-1.666894e-01	-1.666768e-01	-1.665280e-01	-1.665023e-01	-1.663283e-01	-1.662618e-01	-1.661928e-01	-1.661884e-01	-1.661429e-01	-1.661647e-01	-1.660590e-01	-1.660729e-01	-1.660478e-01	-1.660786e-01	-1.659668e-01	-1.661330e-01	-1.661133e-01	-1.661850e-01	0.000000e+00
4.994000e+03	-4.570989e-02	-6.471012e-02	-2.265871e-02	-9.807134e-02	-4.506349e-03	7.242348e-03	-5.357406e-02	-2.620868e-02	-5.442622e-02	-5.071806e-02	9.664594e-04	-4.106698e-02	-7.885090e-02	-7.196455e-02	-4.320664e-02	2.736289e-02	1.746573e-02	7.384538e-03	4.544765e-03	5.894603e-02	-6.687334e-03	-2.869818e-02	-4.766562e-02	0.000000e+00	-1.462993e-02	2.338806e-02	4.456935e-02	-1.923923e-02	7.292451e-03	8.089814e-04	-6.452442e-03	-5.308748e-02	1.730568e-02	-3.612646e-02	7.415364e-03	-4.588402e-02	4.690391e-02	-5.590885e-03	-2.343123e-02	3.438202e-02	3.297892e-02	-7.077795e-02	3.283658e-02	1.634505e-02	-2.814097e-03	-6.337569e-03	-4.254288e-03	0.000000e+00	-2.920051e+00	-2.920031e+00	-2.920479e+00	-2.919434e+00	-2.919309e+00	-2.919111e+00	-2.918997e+00	-2.918512e+00	-2.917640e+00	-2.917393e+00	-2.916652e+00	-2.916045e+00	-2.915483e+00	-2.915330e+00	-2.914279e+00	-2.915229e+00	-2.913599e+00	-2.913478e+00	-2.913082e+00	-2.912468e+00	-2.912169e+00	-2.912584e+00	-2.912273e+00	0.000000e+00	-1.668211e-01	-1.668352e-01	-1.669036e-01	-1.667470e-01	-1.668245e-01	-1.668462e-01	-1.666338e-01	-1.665658e-01	-1.665244e-01	-1.663604e-01	-1.663354e-01	-1.660859e-01	-1.662283e-01	-1.661651e-01	-1.661008e-01	-1.661340e-01	-1.661017e-01	-1.660014e-01	-1.660190e-01	-1.659273e-01	-1.661288e-01	-1.661582e-01	-1.662012e-01	0.000000e+00
4.996000e+03	-5.886589e-02	-4.064321e-02	-1.349569e-03	3.972584e-02	-4.493658e-02	-1.331831e-02	-7.809363e-03	-3.031133e-02	-6.250858e-02	4.740312e-02	-5.060262e-02	6.903462e-03	-6.283836e-04	9.372694e-03	-5.717437e-02	-6.188256e-02	-2.564943e-02	-4.544987e-02	-5.122691e-02	-1.204007e-02	-2.709939e-02	-3.070233e-02	-1.328422e-02	0.000000e+00	1.002210e-03	-2.226364e-02	3.248683e-02	-1.519495e-02	2.877500e-02	2.017816e-02	1.936024e-02	2.222929e-03	-5.903862e-04	-1.059540e-02	-2.465802e-03	1.798389e-02	4.056340e-02	2.394454e-02	2.650642e-02	-4.133683e-02	-2.317510e-02	-2.732128e-02	-2.140998e-02	6.057837e-02	8.041473e-02	4.356147e-02	1.396140e-02	0.000000e+00	-2.920013e+00	-2.920295e+00	-2.920440e+00	-2.919764e+00	-2.919839e+00	-2.919908e+00	-2.919052e+00	-2.918371e+00	-2.917695e+00	-2.917232e+00	-2.916514e+00	-2.915883e+00	-2.915985e+00	-2.915308e+00	-2.914686e+00	-2.914864e+00	-2.913753e+00	-2.913126e+00	-2.913374e+00	-2.912662e+00	-2.912168e+00	-2.911815e+00	-2.911888e+00	0.000000e+00	-1.668671e-01	-1.668604e-01	-1.668716e-01	-1.668051e-01	-1.670026e-01	-1.668358e-01	-1.665791e-01	-1.666819e-01	-1.664946e-01	-1.663226e-01	-1.662691e-01	-1.662448e-01	-1.662235e-01	-1.660926e-01	-1.660664e-01	-1.660641e-01	-1.660572e-01	-1.659513e-01	-1.659607e-01	-1.659989e-01	-1.661786e-01	-1.660744e-01	-1.662474e-01	0.000000e+00
4.998000e+03	-3.382386e-02	-2.304604e-02	-1.911650e-02	-5.278566e-02	-4.006233e-02	-5.410885e-02	1.566937e-02	1.200638e-03	1.418377e-02	-1.103316e-02	4.571851e-02	-6.659909e-02	-6.161049e-02	2.033652e-03	-2.574714e-02	-3.730052e-02	7.344942e-02	1.728398e-02	-2.821054e-02	2.211391e-02	2.979005e-03	-6.111407e-02	6.214377e-03	0.000000e+00	-3.301980e-02	1.843848e-03	1.053158e-01	6.173898e-02	1.113107e-03	-7.173916e-03	-6.409578e-03	-1.572534e-05	-2.284090e-02	9.350553e-02	1.218591e-02	-1.916579e-02	-6.959242e-02	5.012571e-02	5.677793e-02	-1.446099e-02	-3.676235e-02	1.234903e-02	3.936731e-02	4.538932e-02	-1.062333e-01	-7.524344e-02	3.061498e-02	0.000000e+00	-2.919666e+00	-2.920189e+00	-2.919529e+00	-2.919919e+00	-2.919037e+00	-2.919230e+00	-2.918585e+00	-2.918402e+00	-2.917617e+00	-2.916972e+00	-2.916852e+00	-2.915781e+00	-2.915706e+00	-2.915596e+00	-2.914242e+00	-2.914057e+00	-2.913929e+00	-2.913574e+00	-2.913278e+00	-2.913022e+00	-2.912052e+00	-2.912152e+00	-2.912497e+00	0.000000e+00	-1.668048e-01	-1.668396e-01	-1.668882e-01	-1.669383e-01	-1.669022e-01	-1.667117e-01	-1.665150e-01	-1.666277e-01	-1.664227e-01	-1.664829e-01	-1.663460e-01	-1.662129e-01	-1.661134e-01	-1.661027e-01	-1.660825e-01	-1.660372e-01	-1.659935e-01	-1.660385e-01	-1.660484e-01	-1.660604e-01	-1.659696e-01	-1.659242e-01	-1.662593e-01	0.000000e+00
5.000000e+03	-7.139448e-03	2.336651e-02	3.112069e-02	-2.744001e-02	-3.745367e-02	1.492439e-03	-2.014088e-02	4.213484e-02	-4.993934e-02	2.470202e-02	-3.555002e-02	-4.613210e-02	4.900604e-02	4.449077e-02	2.744306e-02	-5.633285e-03	9.325285e-03	-3.013032e-02	-3.315936e-02	-6.578063e-03	5.420492e-02	1.019388e-03	1.315189e-02	0.000000e+00	1.434978e-02	-5.307806e-02	4.146151e-02	-7.413567e-04	3.059372e-02	1.271615e-02	6.907189e-02	-7.319556e-03	1.272005e-02	-2.094175e-03	1.313292e-02	2.020011e-02	-2.199470e-02	7.239175e-02	8.815577e-03	-8.652936e-02	-3.915325e-02	-3.700246e-02	4.515745e-02	1.219987e-02	3.346440e-02	4.691616e-02	1.248369e-02	0.000000e+00	-2.919517e+00	-2.920714e+00	-2.920214e+00	-2.919215e+00	-2.919299e+00	-2.919516e+00	-2.918615e+00	-2.918070e+00	-2.917610e+00	-2.917265e+00	-2.916444e+00	-2.916439e+00	-2.915412e+00	-2.915156e+00	-2.915217e+00	-2.914164e+00	-2.913878e+00	-2.912986e+00	-2.913288e+00	-2.912634e+00	-2.912470e+00	-2.912349e+00	-2.912311e+00	0.000000e+00	-1.667972e-01	-1.667973e-01	-1.668564e-01	-1.667600e-01	-1.668060e-01	-1.667499e-01	-1.666554e-01	-1.666045e-01	-1.665370e-01	-1.665343e-01	-1.664229e-01	-1.662717e-01	-1.660985e-01	-1.660615e-01	-1.661140e-01	-1.659924e-01	-1.659802e-01	-1.659612e-01	-1.660440e-01	-1.659806e-01	-1.659502e-01	-1.660327e-01	-1.662503e-01	0.000000e+00
5.002000e+03	2.381128e-02	-8.638317e-03	1.299640e-02	-1.982728e-02	-3.246779e-02	1.725765e-02	5.235976e-04	-6.659846e-02	-1.988694e-03	4.399936e-02	-1.160397e-02	-2.887518e-03	-1.630317e-02	-5.836417e-02	-3.284760e-02	-1.187478e-02	-7.683694e-02	3.171466e-02	-3.873921e-02	7.011927e-02	6.850744e-02	1.108195e-02	-5.309547e-02	0.000000e+00	-4.050318e-02	-1.520442e-02	-3.113677e-02	1.099509e-02	5.515516e-02	-1.806847e-02	4.974022e-02	-3.698150e-02	-7.042576e-03	-2.568956e-02	1.988955e-02	2.707381e-02	-2.661301e-02	-4.027813e-02	-1.589642e-02	-5.446617e-02	9.729904e-03	2.651097e-02	2.336331e-02	5.395355e-02	2.873086e-02	-5.751925e-02	-7.756528e-02	0.000000e+00	-2.920356e+00	-2.920134e+00	-2.920059e+00	-2.919597e+00	-2.919280e+00	-2.919200e+00	-2.918763e+00	-2.918369e+00	-2.917816e+00	-2.917269e+00	-2.917047e+00	-2.916362e+00	-2.915606e+00	-2.914756e+00	-2.915247e+00	-2.914282e+00	-2.913670e+00	-2.913475e+00	-2.913338e+00	-2.912649e+00	-2.912584e+00	-2.911877e+00	-2.912230e+00	0.000000e+00	-1.668028e-01	-1.668243e-01	-1.667633e-01	-1.667771e-01	-1.668256e-01	-1.668021e-01	-1.667196e-01	-1.664615e-01	-1.666060e-01	-1.665016e-01	-1.664536e-01	-1.662431e-01	-1.661191e-01	-1.659769e-01	-1.660490e-01	-1.659765e-01	-1.660010e-01	-1.660146e-01	-1.660387e-01	-1.659442e-01	-1.660915e-01	-1.660986e-01	-1.661671e-01	0.000000e+00
5.004000e+03	-3.104294e-02	-1.110159e-02	4.996279e-02	3.961991e-02	-2.966576e-02	4.187474e-03	6.006589e-02	3.035711e-02	-1.661477e-02	-2.095988e-02	-2.253376e-02	-3.855824e-02	-1.499345e-03	1.495658e-02	2.409420e-02	4.385287e-02	3.390385e-02	8.636478e-03	1.104972e-03	-6.430506e-02	-1.584638e-03	-4.639505e-03	-3.884845e-02	0.000000e+00	-4.788250e-02	5.369111e-02	-2.957365e-02	3.619522e-02	1.409136e-02	-9.230713e-03	2.281779e-02	2.025100e-02	2.695988e-02	2.155692e-02	-2.280162e-03	-7.186027e-02	-8.220308e-02	1.690289e-02	-1.932215e-03	-3.861459e-02	1.849583e-02	-6.024780e-03	-3.550774e-02	-1.429945e-02	1.635783e-02	1.303615e-02	4.720942e-03	0.000000e+00	-2.919830e+00	-2.920336e+00	-2.920064e+00	-2.919464e+00	-2.919389e+00	-2.919743e+00	-2.919370e+00	-2.918263e+00	-2.917581e+00	-2.916692e+00	-2.916872e+00	-2.916084e+00	-2.915139e+00	-2.914959e+00	-2.914864e+00	-2.914228e+00	-2.914106e+00	-2.913233e+00	-2.912697e+00	-2.912815e+00	-2.912363e+00	-2.911703e+00	-2.912182e+00	0.000000e+00	-1.667677e-01	-1.668803e-01	-1.667904e-01	-1.667664e-01	-1.668316e-01	-1.668091e-01	-1.666742e-01	-1.664741e-01	-1.665785e-01	-1.664778e-01	-1.663993e-01	-1.661786e-01	-1.661598e-01	-1.660972e-01	-1.660071e-01	-1.659174e-01	-1.661255e-01	-1.659741e-01	-1.658911e-01	-1.659853e-01	-1.660496e-01	-1.660913e-01	-1.661531e-01	0.000000e+00
5.006000e+03	-4.662569e-02	5.495177e-02	-1.250135e-02	-3.172342e-02	-2.516720e-02	-3.305237e-02	-5.363065e-02	-3.372161e-02	-5.589267e-02	-2.472168e-02	2.581778e-02	-5.528017e-02	-1.956383e-02	2.105605e-02	-7.331171e-02	-1.900498e-02	-1.549265e-02	2.486690e-02	-2.293120e-03	-5.497524e-02	-2.183155e-03	7.352412e-03	1.625700e-02	0.000000e+00	6.539635e-03	-3.732472e-02	2.971795e-02	-2.436792e-03	-4.999235e-02	-7.940690e-05	-5.070602e-02	-1.231652e-04	-4.662207e-03	3.768009e-03	-4.521176e-02	-3.310779e-02	3.650601e-02	-1.573856e-02	-5.461583e-02	3.195306e-02	7.420144e-04	3.885750e-02	-1.269996e-02	-1.622372e-02	-9.676366e-03	7.838659e-02	6.410161e-02	0.000000e+00	-2.920535e+00	-2.919983e+00	-2.919960e+00	-2.919897e+00	-2.919217e+00	-2.919354e+00	-2.918739e+00	-2.918845e+00	-2.918267e+00	-2.917062e+00	-2.916405e+00	-2.916039e+00	-2.915634e+00	-2.915207e+00	-2.914698e+00	-2.914023e+00	-2.913651e+00	-2.913718e+00	-2.912935e+00	-2.912198e+00	-2.912317e+00	-2.913038e+00	-2.912526e+00	0.000000e+00	-1.668355e-01	-1.667680e-01	-1.667699e-01	-1.667784e-01	-1.667804e-01	-1.667478e-01	-1.664746e-01	-1.665273e-01	-1.665877e-01	-1.664727e-01	-1.664786e-01	-1.663487e-01	-1.662910e-01	-1.660859e-01	-1.659832e-01	-1.659642e-01	-1.660258e-01	-1.660019e-01	-1.659404e-01	-1.659344e-01	-1.660454e-01	-1.661312e-01	-1.661556e-01	0.000000e+00
5.008000e+03	4.407245e-03	-7.837111e-02	5.200323e-03	-2.695971e-02	-4.645426e-02	1.343105e-02	-6.084391e-02	2.652487e-03	-3.247390e-02	2.812593e-02	7.696701e-03	-1.239355e-02	2.061402e-02	-1.792754e-02	-2.541424e-02	-5.744846e-02	-2.194177e-02	-3.046695e-02	4.975323e-02	3.275761e-02	-1.185615e-02	-3.975298e-02	3.051191e-02	0.000000e+00	5.432091e-03	2.758543e-02	4.313360e-02	7.168553e-02	-5.954331e-02	6.823979e-04	1.293961e-01	-2.107558e-02	3.883028e-02	-4.297674e-03	1.347083e-02	-3.184064e-03	-3.699599e-03	-2.526377e-02	4.697637e-02	5.037245e-02	-9.909700e-03	-7.140988e-02	-1.431579e-02	3.949408e-02	-1.049555e-02	4.202912e-03	-1.028715e-02	0.000000e+00	-2.920001e+00	-2.919857e+00	-2.920166e+00	-2.919807e+00	-2.919593e+00	-2.919583e+00	-2.919422e+00	-2.918433e+00	-2.917605e+00	-2.917767e+00	-2.916799e+00	-2.916189e+00	-2.915211e+00	-2.914649e+00	-2.914242e+00	-2.914152e+00	-2.913643e+00	-2.913528e+00	-2.912726e+00	-2.912330e+00	-2.913092e+00	-2.912251e+00	-2.912312e+00	0.000000e+00	-1.667854e-01	-1.667477e-01	-1.667782e-01	-1.668690e-01	-1.667624e-01	-1.667624e-01	-1.667488e-01	-1.665463e-01	-1.664748e-01	-1.663590e-01	-1.665275e-01	-1.663621e-01	-1.662217e-01	-1.660666e-01	-1.659900e-01	-1.660510e-01	-1.659755e-01	-1.658992e-01	-1.658743e-01	-1.659810e-01	-1.660748e-01	-1.660864e-01	-1.662031e-01	0.000000e+00
5.010000e+03	8.701128e-03	-2.643885e-02	1.409322e-02	-1.257583e-02	-5.677636e-02	-1.105003e-02	-2.287501e-02	-4.183717e-02	-5.255866e-02	-5.491353e-02	-4.285462e-02	-1.976775e-03	-4.806767e-02	-8.898928e-02	-5.422705e-02	4.359590e-03	-3.608271e-02	-5.876880e-02	4.530291e-02	-7.447374e-02	-4.397542e-02	-3.162722e-03	1.455666e-02	0.000000e+00	2.166709e-03	-2.803842e-02	-2.931531e-03	2.199179e-02	3.671685e-02	9.957518e-03	1.087563e-02	-2.102164e-02	-5.303187e-02	1.084431e-02	-7.418058e-04	-1.030732e-02	-5.330488e-05	-4.822211e-02	2.983215e-02	9.966040e-03	6.708388e-02	-3.683637e-02	2.857633e-02	-1.276004e-02	4.760628e-02	7.038437e-02	2.294479e-02	0.000000e+00	-2.920506e+00	-2.919964e+00	-2.919557e+00	-2.919881e+00	-2.919284e+00	-2.919018e+00	-2.919113e+00	-2.918316e+00	-2.917786e+00	-2.917313e+00	-2.916600e+00	-2.917054e+00	-2.915515e+00	-2.914946e+00	-2.914575e+00	-2.914434e+00	-2.913830e+00	-2.914120e+00	-2.913745e+00	-2.912227e+00	-2.912428e+00	-2.912713e+00	-2.912332e+00	0.000000e+00	-1.667928e-01	-1.667285e-01	-1.667404e-01	-1.668277e-01	-1.667909e-01	-1.667663e-01	-1.666696e-01	-1.665273e-01	-1.662868e-01	-1.663393e-01	-1.664701e-01	-1.663811e-01	-1.662465e-01	-1.661838e-01	-1.661703e-01	-1.660200e-01	-1.660098e-01	-1.660159e-01	-1.660078e-01	-1.658863e-01	-1.660105e-01	-1.661095e-01	-1.662148e-01	0.000000e+00
5.012000e+03	6.550048e-02	2.913436e-02	-2.592301e-02	-4.456266e-02	4.593647e-02	8.015362e-03	-1.525348e-02	-1.154273e-01	-2.466813e-02	-2.722756e-02	-8.544739e-02	-3.404008e-03	9.967620e-03	4.400471e-02	-5.321660e-02	-1.801411e-02	7.305495e-02	-1.090221e-02	-5.578067e-02	-2.935169e-04	1.270087e-02	-5.755817e-02	-2.660255e-02	0.000000e+00	6.706064e-02	-1.609402e-02	2.751028e-03	3.459283e-02	1.996532e-02	2.576879e-02	-1.837716e-02	1.565291e-02	-1.748039e-02	4.573004e-02	5.949045e-02	5.899570e-02	-1.308471e-02	-2.967826e-02	2.290120e-02	2.327433e-02	2.040619e-02	-1.244069e-02	-3.152715e-02	-3.070454e-02	4.154424e-02	-4.551315e-02	3.306100e-03	0.000000e+00	-2.920629e+00	-2.920062e+00	-2.919664e+00	-2.919820e+00	-2.919621e+00	-2.919399e+00	-2.918922e+00	-2.918410e+00	-2.917545e+00	-2.917263e+00	-2.916836e+00	-2.917287e+00	-2.915063e+00	-2.914696e+00	-2.914857e+00	-2.914658e+00	-2.913358e+00	-2.913331e+00	-2.912753e+00	-2.912707e+00	-2.912581e+00	-2.912464e+00	-2.912368e+00	0.000000e+00	-1.668068e-01	-1.667228e-01	-1.667247e-01	-1.667954e-01	-1.668058e-01	-1.667504e-01	-1.666161e-01	-1.664936e-01	-1.663993e-01	-1.664823e-01	-1.665024e-01	-1.663492e-01	-1.661456e-01	-1.661799e-01	-1.661488e-01	-1.660547e-01	-1.658999e-01	-1.660115e-01	-1.658870e-01	-1.658791e-01	-1.660505e-01	-1.660351e-01	-1.661135e-01	0.000000e+00
5.014000e+03	-1.046768e-02	5.360402e-03	-2.877559e-02	-1.457284e-02	5.521430e-03	-4.616814e-03	3.672548e-02	-6.192146e-02	6.625663e-03	-4.201453e-02	-2.624980e-02	-2.282119e-02	3.120861e-02	-2.230638e-02	-7.216806e-04	-4.512184e-02	-2.588367e-02	6.449737e-02	8.901853e-03	-7.377630e-02	-4.236578e-02	-4.193748e-02	1.333206e-02	0.000000e+00	-2.298072e-03	1.592832e-02	-1.894678e-03	2.453400e-02	5.624312e-02	-5.223576e-02	-2.032789e-04	1.434765e-02	-3.281569e-02	-5.397212e-04	4.268872e-02	2.349478e-02	-2.261240e-02	-1.895651e-02	4.528004e-02	-3.094065e-02	8.918493e-03	1.602561e-02	-5.652532e-02	8.601667e-04	-2.998939e-02	-2.223746e-02	1.847637e-02	0.000000e+00	-2.920278e+00	-2.919912e+00	-2.920429e+00	-2.919546e+00	-2.919138e+00	-2.919145e+00	-2.919032e+00	-2.918417e+00	-2.917629e+00	-2.916856e+00	-2.916647e+00	-2.916001e+00	-2.915650e+00	-2.914993e+00	-2.914756e+00	-2.914383e+00	-2.913758e+00	-2.913833e+00	-2.913226e+00	-2.912728e+00	-2.912670e+00	-2.912659e+00	-2.912659e+00	0.000000e+00	-1.669068e-01	-1.668641e-01	-1.667732e-01	-1.667064e-01	-1.668223e-01	-1.667071e-01	-1.666082e-01	-1.665524e-01	-1.664367e-01	-1.664817e-01	-1.664737e-01	-1.662127e-01	-1.661370e-01	-1.662017e-01	-1.661141e-01	-1.661060e-01	-1.660534e-01	-1.659911e-01	-1.658637e-01	-1.659220e-01	-1.659962e-01	-1.660408e-01	-1.661267e-01	0.000000e+00
5.016000e+03	-4.584095e-02	1.945739e-02	3.440800e-02	-5.401493e-02	-1.230721e-02	-1.958805e-02	-6.916212e-02	1.488501e-02	3.844612e-02	-1.657259e-02	9.719838e-03	-8.663377e-02	-2.347920e-02	2.562406e-02	-4.772891e-03	9.730470e-03	1.234149e-02	-4.769842e-02	-1.720957e-02	-3.009975e-02	-3.822514e-02	-5.466074e-03	-7.379099e-02	0.000000e+00	4.649243e-02	-3.077384e-02	-3.199544e-02	1.966763e-02	-3.886264e-02	-1.124421e-02	3.932698e-02	1.637763e-02	2.665227e-02	-8.360662e-03	-3.508998e-02	2.755966e-02	7.267825e-02	3.511060e-02	-2.058880e-02	6.032656e-03	-1.979785e-02	1.044028e-01	4.400879e-02	6.424286e-02	3.788315e-03	-2.076322e-02	-4.163497e-03	0.000000e+00	-2.919805e+00	-2.919942e+00	-2.919853e+00	-2.920090e+00	-2.919385e+00	-2.919630e+00	-2.918848e+00	-2.918229e+00	-2.917751e+00	-2.917321e+00	-2.916887e+00	-2.916197e+00	-2.915552e+00	-2.914977e+00	-2.915010e+00	-2.914713e+00	-2.913721e+00	-2.912973e+00	-2.913091e+00	-2.912432e+00	-2.912374e+00	-2.912584e+00	-2.912144e+00	0.000000e+00	-1.669034e-01	-1.668220e-01	-1.667089e-01	-1.667310e-01	-1.667314e-01	-1.667473e-01	-1.665728e-01	-1.665320e-01	-1.664757e-01	-1.663794e-01	-1.663173e-01	-1.663676e-01	-1.663304e-01	-1.661841e-01	-1.661825e-01	-1.661967e-01	-1.661014e-01	-1.659868e-01	-1.659282e-01	-1.659953e-01	-1.659941e-01	-1.660338e-01	-1.660722e-01	0.000000e+00
5.018000e+03	2.468962e-02	-2.199917e-02	3.909886e-03	-2.814176e-02	-6.711438e-02	-5.036637e-02	-3.029641e-02	-5.768357e-02	-1.742086e-02	1.285255e-02	-4.616878e-02	-1.236560e-02	1.213075e-02	-2.442895e-02	-2.375459e-02	-1.067931e-02	-1.241519e-02	-2.088542e-02	-2.323723e-02	-2.586855e-03	-3.730398e-02	-4.540875e-02	-3.912765e-02	0.000000e+00	1.677170e-01	4.456433e-02	3.338396e-03	4.810213e-02	2.241711e-02	-2.518524e-03	-1.674963e-02	5.897235e-02	-1.266779e-02	-3.263244e-02	4.240790e-02	-2.971682e-02	-7.413907e-02	2.111120e-02	1.340189e-02	-1.777046e-02	-8.788935e-03	6.983489e-02	-5.758987e-03	3.059961e-02	-2.251112e-02	-1.647168e-02	1.853575e-02	0.000000e+00	-2.920290e+00	-2.920106e+00	-2.920521e+00	-2.920629e+00	-2.919616e+00	-2.919134e+00	-2.918969e+00	-2.918116e+00	-2.917751e+00	-2.917350e+00	-2.917144e+00	-2.915543e+00	-2.915806e+00	-2.914782e+00	-2.914438e+00	-2.914349e+00	-2.913852e+00	-2.913585e+00	-2.913202e+00	-2.912299e+00	-2.912497e+00	-2.912529e+00	-2.912277e+00	0.000000e+00	-1.670123e-01	-1.668399e-01	-1.667044e-01	-1.668465e-01	-1.667908e-01	-1.666806e-01	-1.665621e-01	-1.665399e-01	-1.663661e-01	-1.663645e-01	-1.664244e-01	-1.663494e-01	-1.662233e-01	-1.661179e-01	-1.662818e-01	-1.661536e-01	-1.660402e-01	-1.660020e-01	-1.659484e-01	-1.659320e-01	-1.659737e-01	-1.660423e-01	-1.661102e-01	0.000000e+00
5.020000e+03	1.645882e-02	-3.028546e-03	-8.237355e-02	2.639548e-02	-6.997248e-02	-4.371682e-02	-4.553956e-02	5.087205e-03	-5.714875e-02	-7.340449e-02	-9.628641e-03	-3.484721e-02	-1.012296e-02	4.600412e-02	-4.248452e-02	-1.939176e-02	-2.198676e-02	-2.908767e-03	-1.688615e-02	-4.260624e-02	-7.904933e-04	-4.458266e-02	2.473520e-03	0.000000e+00	-9.066452e-04	5.542548e-02	4.584433e-02	1.951293e-02	3.645847e-02	-3.919718e-03	2.522806e-02	1.546638e-03	3.011133e-02	-1.598546e-02	-1.974720e-02	-5.820038e-03	4.149448e-02	1.609306e-02	6.640395e-03	-2.298236e-03	1.011594e-01	-2.930628e-02	-6.404797e-02	6.371582e-03	2.007703e-02	-4.704203e-04	2.942514e-02	0.000000e+00	-2.920011e+00	-2.920038e+00	-2.919678e+00	-2.919862e+00	-2.920346e+00	-2.919279e+00	-2.919100e+00	-2.917751e+00	-2.917820e+00	-2.916313e+00	-2.916441e+00	-2.915721e+00	-2.915258e+00	-2.915099e+00	-2.914887e+00	-2.914249e+00	-2.913518e+00	-2.913321e+00	-2.913622e+00	-2.912933e+00	-2.912043e+00	-2.912424e+00	-2.912522e+00	0.000000e+00	-1.668726e-01	-1.669598e-01	-1.668020e-01	-1.668182e-01	-1.668005e-01	-1.666990e-01	-1.665771e-01	-1.664695e-01	-1.663881e-01	-1.663309e-01	-1.663548e-01	-1.663502e-01	-1.661648e-01	-1.661082e-01	-1.663077e-01	-1.661419e-01	-1.661632e-01	-1.660056e-01	-1.659710e-01	-1.659328e-01	-1.659267e-01	-1.660429e-01	-1.660873e-01	0.000000e+00
5.022000e+03	2.079055e-02	-1.624097e-02	-6.023262e-02	-8.782231e-02	-1.947867e-02	-2.875015e-02	-3.658302e-02	1.716559e-02	-3.288300e-02	1.404836e-02	-2.462305e-04	-1.186107e-02	-2.938258e-02	-3.966173e-03	-4.566794e-03	-1.763928e-02	-1.691713e-03	-9.286237e-03	3.986405e-02	-1.180864e-02	-5.169037e-02	1.504637e-02	2.658741e-02	0.000000e+00	1.095175e-02	1.662567e-02	1.419536e-02	3.802887e-02	-1.884347e-03	1.047274e-03	6.410166e-03	5.078657e-04	6.326064e-02	3.177294e-02	2.714686e-02	1.370961e-01	3.256111e-02	2.092350e-03	3.479192e-02	1.028699e-02	-2.907191e-02	-1.817027e-03	2.164018e-02	3.286478e-03	2.419852e-02	-2.500889e-02	4.483574e-02	0.000000e+00	-2.920896e+00	-2.919810e+00	-2.920386e+00	-2.920021e+00	-2.919623e+00	-2.919414e+00	-2.918794e+00	-2.918116e+00	-2.917927e+00	-2.917073e+00	-2.916634e+00	-2.916259e+00	-2.915431e+00	-2.915708e+00	-2.914235e+00	-2.914882e+00	-2.913964e+00	-2.913337e+00	-2.913262e+00	-2.912158e+00	-2.912257e+00	-2.912284e+00	-2.912185e+00	0.000000e+00	-1.668658e-01	-1.669303e-01	-1.668684e-01	-1.667839e-01	-1.667100e-01	-1.667003e-01	-1.665933e-01	-1.664947e-01	-1.664258e-01	-1.664061e-01	-1.663952e-01	-1.663722e-01	-1.661562e-01	-1.661983e-01	-1.662413e-01	-1.662104e-01	-1.662460e-01	-1.661100e-01	-1.659747e-01	-1.658546e-01	-1.659657e-01	-1.660183e-01	-1.661056e-01	0.000000e+00
5.024000e+03	-7.494512e-02	1.553137e-02	-7.349789e-03	8.625720e-03	6.378762e-03	1.130759e-02	-6.635151e-02	-4.468393e-03	-3.341297e-02	-3.990247e-02	-2.494788e-02	-1.088444e-01	-2.776054e-02	-3.642600e-02	1.517650e-02	-3.591622e-02	9.062865e-02	-1.382418e-02	-3.848844e-03	-4.718484e-02	-2.243725e-02	-4.156504e-02	3.495035e-02	0.000000e+00	4.060033e-02	2.443877e-02	6.043200e-02	3.726040e-02	4.101355e-02	7.116732e-02	1.780049e-02	3.755827e-02	-2.889898e-02	-1.208099e-02	-1.637595e-02	-2.252107e-02	-3.528232e-02	-7.499807e-03	1.627138e-02	2.445486e-02	-2.519965e-02	1.008659e-01	1.036589e-02	7.590092e-02	4.748481e-02	-6.152978e-03	1.481054e-01	0.000000e+00	-2.920386e+00	-2.920289e+00	-2.919915e+00	-2.919431e+00	-2.919846e+00	-2.919473e+00	-2.919081e+00	-2.918278e+00	-2.917334e+00	-2.916773e+00	-2.917038e+00	-2.915765e+00	-2.914943e+00	-2.915118e+00	-2.914475e+00	-2.915088e+00	-2.913684e+00	-2.912876e+00	-2.912825e+00	-2.912588e+00	-2.912638e+00	-2.912694e+00	-2.912316e+00	0.000000e+00	-1.668525e-01	-1.669930e-01	-1.668451e-01	-1.668002e-01	-1.668224e-01	-1.667518e-01	-1.665987e-01	-1.664920e-01	-1.663283e-01	-1.663396e-01	-1.663364e-01	-1.661695e-01	-1.661662e-01	-1.662317e-01	-1.661307e-01	-1.662691e-01	-1.661755e-01	-1.661114e-01	-1.659194e-01	-1.659066e-01	-1.659770e-01	-1.660365e-01	-1.661415e-01	0.000000e+00
5.026000e+03	4.680027e-02	-1.289143e-02	1.999892e-02	-1.876182e-02	-4.992497e-02	-1.268664e-01	-2.518240e-02	-2.896908e-02	-4.148980e-02	-5.632391e-02	2.030098e-02	-2.022934e-02	-3.467509e-02	-1.993105e-02	-5.858765e-02	8.738746e-03	9.787366e-03	2.650877e-02	-2.810492e-02	1.531039e-03	-3.717401e-02	-4.027944e-02	-6.204624e-02	0.000000e+00	-5.109253e-02	3.971435e-02	2.109772e-02	-2.255540e-03	4.102392e-02	-2.670888e-02	-1.118897e-02	-6.552992e-02	6.010021e-02	-1.930950e-03	1.840906e-02	3.948099e-02	-2.446423e-02	8.775901e-02	-1.165715e-02	4.465484e-02	-3.589914e-02	-8.728718e-03	1.789772e-02	4.766892e-02	-7.566842e-03	-6.764708e-03	6.433976e-02	0.000000e+00	-2.920649e+00	-2.919885e+00	-2.920850e+00	-2.919808e+00	-2.919446e+00	-2.919074e+00	-2.918766e+00	-2.918360e+00	-2.917573e+00	-2.916773e+00	-2.916832e+00	-2.916226e+00	-2.915268e+00	-2.914969e+00	-2.915070e+00	-2.913786e+00	-2.913985e+00	-2.913297e+00	-2.913248e+00	-2.912261e+00	-2.911945e+00	-2.912347e+00	-2.912051e+00	0.000000e+00	-1.668415e-01	-1.669405e-01	-1.669168e-01	-1.668982e-01	-1.668544e-01	-1.666618e-01	-1.665290e-01	-1.664392e-01	-1.664226e-01	-1.663451e-01	-1.663752e-01	-1.663223e-01	-1.662159e-01	-1.662479e-01	-1.661017e-01	-1.662024e-01	-1.661748e-01	-1.660439e-01	-1.659680e-01	-1.660468e-01	-1.659527e-01	-1.660013e-01	-1.660463e-01	0.000000e+00
5.028000e+03	1.390930e-02	-9.386089e-03	-1.851145e-02	-3.189527e-02	6.630933e-03	-4.552784e-02	-2.363013e-02	-2.248858e-02	-2.489874e-02	1.540167e-03	-1.037184e-03	7.666019e-02	-1.054163e-02	8.901661e-03	-5.432560e-02	-7.059942e-02	2.286057e-02	3.903037e-02	-4.826030e-02	4.235854e-05	-6.765622e-02	-2.636683e-02	-8.638639e-04	0.000000e+00	-2.514636e-02	-7.845633e-03	-5.599199e-02	3.016255e-02	2.128840e-03	-1.412617e-02	-3.263007e-02	1.983342e-02	-3.004734e-02	6.861617e-02	-4.024288e-03	-1.689636e-02	-1.092711e-03	2.294763e-02	8.007796e-03	-1.431446e-02	4.126349e-02	-1.266211e-02	-2.437307e-02	8.726642e-03	5.487504e-02	-5.231688e-02	1.358235e-02	0.000000e+00	-2.919888e+00	-2.919748e+00	-2.920326e+00	-2.919731e+00	-2.919424e+00	-2.919315e+00	-2.919167e+00	-2.918497e+00	-2.917593e+00	-2.916993e+00	-2.916107e+00	-2.915658e+00	-2.915359e+00	-2.915012e+00	-2.915381e+00	-2.914457e+00	-2.914024e+00	-2.912920e+00	-2.912465e+00	-2.912949e+00	-2.912392e+00	-2.912669e+00	-2.911952e+00	0.000000e+00	-1.669149e-01	-1.667993e-01	-1.669667e-01	-1.669022e-01	-1.667953e-01	-1.666640e-01	-1.665436e-01	-1.665194e-01	-1.663305e-01	-1.663980e-01	-1.663468e-01	-1.662066e-01	-1.662171e-01	-1.661283e-01	-1.661220e-01	-1.662450e-01	-1.661915e-01	-1.661592e-01	-1.660108e-01	-1.660311e-01	-1.659744e-01	-1.659354e-01	-1.660110e-01	0.000000e+00
5.030000e+03	8.449684e-03	-3.275576e-02	3.191336e-02	7.455822e-02	1.504984e-02	-4.831016e-02	-4.019023e-02	1.340456e-02	-2.623874e-02	-7.740081e-02	-2.499332e-02	-7.615156e-02	3.648287e-02	-3.402503e-02	-3.506629e-02	-2.708240e-02	-2.094523e-02	-7.105300e-02	2.410657e-02	-8.603836e-03	-6.180173e-02	8.217180e-03	-7.874253e-03	0.000000e+00	1.834146e-02	2.069116e-02	7.565400e-03	-1.032810e-02	-1.570521e-02	1.907787e-02	1.682675e-02	4.836303e-02	1.449237e-02	3.697372e-02	3.569994e-02	-3.686063e-02	-6.517479e-02	-7.248263e-02	-3.597174e-02	5.343749e-03	1.768970e-02	-8.484917e-03	2.796667e-02	7.891663e-02	-6.086079e-02	7.304652e-03	-2.229505e-02	0.000000e+00	-2.920449e+00	-2.919653e+00	-2.920242e+00	-2.919903e+00	-2.919598e+00	-2.919384e+00	-2.919030e+00	-2.918497e+00	-2.917994e+00	-2.916430e+00	-2.917214e+00	-2.915870e+00	-2.915647e+00	-2.915210e+00	-2.915032e+00	-2.914022e+00	-2.913372e+00	-2.913624e+00	-2.912535e+00	-2.912701e+00	-2.912735e+00	-2.912824e+00	-2.912371e+00	0.000000e+00	-1.668218e-01	-1.667941e-01	-1.669673e-01	-1.668774e-01	-1.667482e-01	-1.666898e-01	-1.666656e-01	-1.664995e-01	-1.663708e-01	-1.663123e-01	-1.663629e-01	-1.661685e-01	-1.661168e-01	-1.661505e-01	-1.660809e-01	-1.661979e-01	-1.660122e-01	-1.661970e-01	-1.660555e-01	-1.660436e-01	-1.659111e-01	-1.660007e-01	-1.660731e-01	0.000000e+00
5.032000e+03	1.206543e-02	-1.998627e-02	-3.690927e-02	-1.260593e-02	-4.762328e-02	-2.185516e-02	-3.593132e-02	3.567029e-03	-4.555556e-04	-4.806514e-05	5.454710e-02	5.518162e-02	-2.738386e-02	1.526650e-02	2.060522e-03	-2.593453e-02	1.113081e-02	-5.261052e-02	-2.401653e-02	-6.320879e-02	-3.655907e-02	1.900442e-02	-1.826145e-02	0.000000e+00	1.596349e-02	5.432668e-02	1.407218e-02	-2.005160e-02	1.611899e-02	-2.351232e-02	-3.345087e-02	-3.134856e-02	6.910673e-02	-3.166625e-02	-3.822817e-02	8.166996e-02	2.728420e-02	1.189998e-02	-2.866839e-02	-3.956269e-02	1.730577e-02	6.278439e-02	3.807004e-03	1.591786e-02	5.532461e-02	3.422449e-02	4.028827e-03	0.000000e+00	-2.920002e+00	-2.920014e+00	-2.919724e+00	-2.919242e+00	-2.919317e+00	-2.919290e+00	-2.918635e+00	-2.918581e+00	-2.917332e+00	-2.917051e+00	-2.916127e+00	-2.915949e+00	-2.915435e+00	-2.915433e+00	-2.914632e+00	-2.914426e+00	-2.914101e+00	-2.913364e+00	-2.912634e+00	-2.912916e+00	-2.912295e+00	-2.912178e+00	-2.912498e+00	0.000000e+00	-1.667951e-01	-1.668420e-01	-1.668878e-01	-1.668320e-01	-1.669853e-01	-1.668373e-01	-1.665874e-01	-1.664451e-01	-1.663206e-01	-1.663020e-01	-1.662123e-01	-1.662594e-01	-1.662259e-01	-1.661955e-01	-1.660787e-01	-1.660325e-01	-1.660358e-01	-1.662166e-01	-1.660152e-01	-1.660165e-01	-1.661415e-01	-1.661266e-01	-1.660530e-01	0.000000e+00
5.034000e+03	-3.327470e-02	7.193329e-02	5.538111e-03	-5.688945e-02	8.038751e-03	-1.373827e-01	-2.661871e-02	-1.032330e-02	3.304202e-02	-3.852013e-02	-7.459828e-02	2.064818e-02	-3.433670e-02	-1.631436e-02	-2.285110e-02	2.047728e-03	6.876598e-05	-3.570510e-02	-1.166781e-03	9.279198e-02	-4.375858e-02	-2.838288e-02	-6.403288e-02	0.000000e+00	-1.690335e-02	-7.009151e-03	3.498106e-02	4.673651e-02	4.474563e-02	6.181379e-02	-7.579564e-03	4.153327e-02	1.082159e-03	-7.455573e-02	1.542392e-02	5.376820e-03	-3.686629e-02	1.303782e-02	1.708418e-02	-1.172221e-02	9.257668e-02	6.591296e-02	6.807377e-02	3.944491e-02	3.423836e-02	7.599248e-02	-2.071823e-02	0.000000e+00	-2.920530e+00	-2.919888e+00	-2.920204e+00	-2.919585e+00	-2.919192e+00	-2.919370e+00	-2.918443e+00	-2.918773e+00	-2.918033e+00	-2.916608e+00	-2.916204e+00	-2.916198e+00	-2.915539e+00	-2.915070e+00	-2.914039e+00	-2.914034e+00	-2.914110e+00	-2.914097e+00	-2.912991e+00	-2.912679e+00	-2.912785e+00	-2.912224e+00	-2.912312e+00	0.000000e+00	-1.669144e-01	-1.669525e-01	-1.668486e-01	-1.670140e-01	-1.669765e-01	-1.668443e-01	-1.665536e-01	-1.664603e-01	-1.663128e-01	-1.662736e-01	-1.662517e-01	-1.662454e-01	-1.661624e-01	-1.661390e-01	-1.660866e-01	-1.660720e-01	-1.662420e-01	-1.662110e-01	-1.660278e-01	-1.659754e-01	-1.661374e-01	-1.661592e-01	-1.660196e-01	0.000000e+00
5.036000e+03	6.095776e-02	-3.429001e-02	-3.511216e-02	-2.968732e-02	7.208439e-03	-1.719786e-02	2.493424e-02	-4.584653e-02	-4.914496e-02	-1.990031e-02	-2.168039e-02	-2.547685e-02	-3.232426e-02	-3.259609e-02	-9.967785e-02	-7.664299e-02	-5.606665e-02	-1.900291e-02	-6.136969e-02	1.603326e-03	-1.695860e-02	-4.353904e-02	6.043485e-02	0.000000e+00	3.091330e-02	4.373668e-02	2.834181e-02	3.947831e-02	-4.414998e-02	-2.336640e-02	5.786394e-02	1.344250e-02	3.202898e-02	-6.963916e-02	3.030606e-02	-3.266909e-02	-4.673785e-02	-6.064428e-02	3.187671e-02	5.113724e-02	8.243142e-02	-2.975529e-02	-3.094469e-02	-7.510367e-02	2.832629e-02	1.416089e-02	7.622473e-03	0.000000e+00	-2.919918e+00	-2.920317e+00	-2.919695e+00	-2.918815e+00	-2.919583e+00	-2.919445e+00	-2.919250e+00	-2.918048e+00	-2.917737e+00	-2.916544e+00	-2.916546e+00	-2.915701e+00	-2.915060e+00	-2.914734e+00	-2.914585e+00	-2.914160e+00	-2.913541e+00	-2.912817e+00	-2.912950e+00	-2.912828e+00	-2.912378e+00	-2.912825e+00	-2.912469e+00	0.000000e+00	-1.668849e-01	-1.670241e-01	-1.667731e-01	-1.669076e-01	-1.669030e-01	-1.667806e-01	-1.666140e-01	-1.665357e-01	-1.664211e-01	-1.662294e-01	-1.662429e-01	-1.661711e-01	-1.661260e-01	-1.660427e-01	-1.661128e-01	-1.661610e-01	-1.662187e-01	-1.660418e-01	-1.659502e-01	-1.658988e-01	-1.660848e-01	-1.660972e-01	-1.661431e-01	0.000000e+00
5.038000e+03	1.074725e-02	-5.959141e-03	2.641518e-02	2.613551e-02	-5.282744e-02	-1.610134e-02	3.445023e-02	9.548861e-04	-4.853529e-02	-7.597829e-03	6.253757e-02	-7.477821e-02	-2.503602e-02	1.022005e-02	-7.651509e-02	-2.259864e-02	-2.651489e-02	-5.289909e-02	-3.414811e-02	1.953871e-02	4.835198e-02	-4.702255e-03	3.550407e-03	0.000000e+00	1.885243e-02	-5.403679e-02	1.656256e-02	2.627407e-02	-2.349946e-02	1.747543e-02	1.003045e-03	3.369888e-02	-3.276468e-02	1.785751e-02	5.062278e-02	1.711933e-02	-1.729318e-02	-2.281654e-02	-3.192187e-02	8.797652e-03	-2.789771e-02	2.122509e-02	2.508173e-02	-2.960324e-02	-4.945401e-03	-2.734882e-02	-1.703978e-02	0.000000e+00	-2.920506e+00	-2.920075e+00	-2.920303e+00	-2.919281e+00	-2.919746e+00	-2.918688e+00	-2.918986e+00	-2.918443e+00	-2.917413e+00	-2.917056e+00	-2.916274e+00	-2.915904e+00	-2.915531e+00	-2.915572e+00	-2.914125e+00	-2.913809e+00	-2.913676e+00	-2.913298e+00	-2.912964e+00	-2.912411e+00	-2.912856e+00	-2.912458e+00	-2.912248e+00	0.000000e+00	-1.668958e-01	-1.668185e-01	-1.667409e-01	-1.668949e-01	-1.669421e-01	-1.668786e-01	-1.666897e-01	-1.665817e-01	-1.663528e-01	-1.662970e-01	-1.662328e-01	-1.662102e-01	-1.661689e-01	-1.661069e-01	-1.660875e-01	-1.660766e-01	-1.660650e-01	-1.659722e-01	-1.660658e-01	-1.660282e-01	-1.660253e-01	-1.661514e-01	-1.661762e-01	0.000000e+00
5.040000e+03	-4.306983e-02	-2.529438e-02	5.688947e-02	1.442670e-03	-2.603322e-02	-5.067954e-02	7.444696e-03	-6.209149e-02	2.677346e-02	-6.614223e-02	5.118815e-02	2.078743e-02	1.104693e-02	2.873905e-02	-9.070147e-02	-1.597590e-02	-2.095055e-02	6.613461e-02	6.175921e-02	2.025702e-02	2.766636e-02	6.854856e-02	-1.400258e-02	0.000000e+00	-1.498069e-02	3.267800e-02	1.776166e-02	4.465789e-02	-2.906483e-02	-5.189812e-02	8.277340e-03	-3.526274e-02	3.288486e-02	5.037981e-02	2.349597e-02	-3.226237e-04	4.700620e-02	-2.672440e-02	2.522606e-02	-5.338070e-03	6.894440e-02	-2.361115e-02	-2.968333e-03	-4.916285e-02	-6.460021e-02	2.943585e-02	4.144034e-02	0.000000e+00	-2.919867e+00	-2.920515e+00	-2.920593e+00	-2.919274e+00	-2.919414e+00	-2.919182e+00	-2.918738e+00	-2.917770e+00	-2.917822e+00	-2.917225e+00	-2.915628e+00	-2.915609e+00	-2.915296e+00	-2.914852e+00	-2.914758e+00	-2.914512e+00	-2.913575e+00	-2.913408e+00	-2.912782e+00	-2.912207e+00	-2.911961e+00	-2.912551e+00	-2.911956e+00	0.000000e+00	-1.667740e-01	-1.669471e-01	-1.668635e-01	-1.668874e-01	-1.668265e-01	-1.668534e-01	-1.666907e-01	-1.664970e-01	-1.663758e-01	-1.662734e-01	-1.662049e-01	-1.661414e-01	-1.661907e-01	-1.660668e-01	-1.661345e-01	-1.660838e-01	-1.661430e-01	-1.660525e-01	-1.660884e-01	-1.659177e-01	-1.658894e-01	-1.662375e-01	-1.661742e-01	0.000000e+00
