4900.000000000	0.015274357	0.022002311	-0.000849669	-0.002022159
4901.000000000	-0.054784215	0.020585438	-0.001400466	0.000914853
4902.000000000	-0.070962393	0.060792627	0.003100791	-0.000380489
4903.000000000	-0.034050055	0.020165200	0.001337194	-0.001517726
4904.000000000	-0.011729248	0.034224230	0.002255157	-0.000193310
4905.000000000	-0.056017896	0.021450019	0.000411834	0.001776135
4906.000000000	-0.026103684	-0.008866168	0.000551347	-0.000296354
4907.000000000	-0.055686112	-0.012873782	-0.002785259	0.000886545
4908.000000000	-0.044602015	0.043797152	-0.001827602	0.001476951
4909.000000000	-0.073035782	0.011576446	0.000017832	0.000539472
4910.000000000	-0.046806080	0.028565588	0.001150334	-0.002538065
4911.000000000	-0.076416576	-0.002671820	-0.000019160	-0.000686318
4912.000000000	-0.080150563	0.022565694	-0.001030563	-0.000202779
4913.000000000	-0.045828638	0.036293480	0.000479381	0.001980892
4914.000000000	-0.031340910	0.047232318	0.000496591	-0.001103105
4915.000000000	-0.044018335	0.033408054	-0.003271011	0.001546650
4916.000000000	-0.065251157	0.011587816	0.002006143	-0.000270154
4917.000000000	-0.018642785	0.038238104	-0.002388384	-0.000975325
4918.000000000	-0.059716724	-0.004152197	-0.000572852	-0.003075414
4919.000000000	-0.057079292	0.027659855	0.001925840	0.000309162
4920.000000000	-0.009174167	-0.010567738	0.002501572	0.002042412
4921.000000000	-0.047727120	0.029359024	0.000221786	0.000566493
4922.000000000	-0.056447633	-0.002824591	0.002010959	0.000600790
4923.000000000	-0.050862726	0.010629241	0.000724597	-0.000562078
4924.000000000	-0.006414987	0.002918881	0.001514422	0.000532085
4925.000000000	-0.033579586	0.045942956	0.002630946	0.001881938
4926.000000000	-0.013341267	0.035398147	-0.001752402	0.001199768
4927.000000000	-0.011715258	0.018533403	-0.000561281	0.002553119
4928.000000000	-0.071064605	0.037429843	0.001085588	0.000838225
4929.000000000	-0.087111223	0.013626174	0.002219396	-0.000023738
4930.000000000	-0.016551970	0.042376251	-0.000465728	-0.001184927
4931.000000000	-0.034443877	0.024280530	0.002797408	0.000508392
4932.000000000	-0.047365436	0.034052866	-0.000479657	0.002140039
4933.000000000	-0.056904810	0.019219954	-0.001647260	0.003131266
4934.000000000	-0.055853849	0.013262947	-0.001726519	0.003704914
4935.000000000	-0.046751961	0.019828090	-0.000564348	0.000985726
4936.000000000	-0.061454639	0.092756133	-0.000881279	-0.000511312
4937.000000000	-0.029426789	0.033449635	0.000026134	-0.000351821
4938.000000000	-0.031281234	0.039601129	-0.000594983	-0.000397813
4939.000000000	-0.091056620	0.053420825	-0.001105062	0.002654186
4940.000000000	-0.035700190	0.050317688	0.000203947	-0.002283695
4941.000000000	-0.072663859	0.046958312	-0.001560200	-0.000839543
4942.000000000	-0.065566556	0.049500508	-0.001907115	0.003093264
4943.000000000	-0.031963650	0.048031427	0.000193899	-0.001777892
4944.000000000	-0.039009662	0.040180716	0.000440599	0.000037388
4945.000000000	-0.034857666	0.018758228	0.001198770	0.001092869
4946.000000000	-0.041705704	0.039734319	0.000866655	0.000669847
4947.000000000	-0.053041673	0.046086702	0.001426658	0.001528005
4948.000000000	-0.044893723	-0.000741275	0.002875537	0.001637053
4949.000000000	-0.035051926	0.014279579	0.001838555	-0.000803503
4950.000000000	-0.067213267	0.035796435	-0.001922018	0.000630776
4951.000000000	-0.069453464	0.038833912	0.001638124	-0.001238480
4952.000000000	-0.043748053	-0.022311416	-0.003366202	0.003573718
4953.000000000	-0.050347189	0.022002178	0.001001351	-0.005085122
4954.000000000	-0.063178426	0.025005551	-0.001593627	-0.001749179
4955.000000000	-0.098360637	-0.003532080	0.001074073	-0.002377747
4956.000000000	-0.038852058	0.017554408	-0.003938876	-0.000554649
4957.000000000	-0.083153388	-0.006814543	-0.001049264	0.001400298
4958.000000000	-0.091668753	0.040341333	0.001720407	-0.001868760
4959.000000000	-0.083776810	0.016761840	0.003196001	0.003219459
4960.000000000	-0.066575611	0.031802748	-0.000059593	0.000565405
4961.000000000	-0.123136731	0.033481751	0.001078717	-0.001602692
4962.000000000	-0.067784511	0.023506666	0.003560723	0.000874517
4963.000000000	-0.074734347	0.043542241	-0.003222538	-0.000202977
4964.000000000	-0.112728207	0.038765910	-0.002137073	-0.001014844
4965.000000000	-0.112560790	0.014294027	-0.001074455	-0.001711623
4966.000000000	-0.078908691	0.015193048	-0.001494684	-0.004025602
4967.000000000	-0.086874642	0.017758649	0.001425113	-0.002354616
4968.000000000	-0.109624263	0.032021642	0.000397303	-0.000354902
4969.000000000	-0.070701328	0.040119182	-0.000225419	0.001345998
4970.000000000	-0.104939286	0.015867419	0.001226116	0.001436446
4971.000000000	-0.055421254	0.045642918	0.000804382	-0.001137322
4972.000000000	-0.092386348	0.014800094	0.000488137	-0.000831650
4973.000000000	-0.103740407	0.032945131	-0.001194662	-0.001312433
4974.000000000	-0.017315099	0.019851920	0.000462696	-0.001568146
4975.000000000	-0.025334876	-0.001489008	-0.001845398	-0.000116774
4976.000000000	-0.015014382	0.039534948	-0.002959040	-0.002637967
4977.000000000	0.011424170	0.007385775	0.004079072	-0.000291063
4978.000000000	-0.040311402	0.030491668	-0.000030265	-0.001175597
4979.000000000	0.064946162	0.024140165	-0.000243796	-0.002594502
4980.000000000	0.084848997	-0.003316188	0.000214327	-0.001425096
4981.000000000	0.047391275	0.020627445	0.001284478	0.002953108
4982.000000000	0.049090929	-0.019375493	0.000845348	-0.000263719
4983.000000000	0.007854332	0.084323444	0.000466421	-0.000822616
4984.000000000	-0.000107941	0.044973601	0.000009644	-0.002643473
4985.000000000	0.016376816	0.000176892	-0.002830047	-0.001105918
4986.000000000	0.070276390	0.001333985	0.000852910	-0.002589819
4987.000000000	-0.010886683	0.014142510	0.000277243	0.001391270
4988.000000000	0.019003169	0.038973113	-0.001856144	-0.001469708
4989.000000000	0.024478909	0.014987923	0.000431309	-0.002544609
4990.000000000	-0.017982386	-0.002064206	-0.000256823	-0.000157315
4991.000000000	0.025386191	0.056241989	-0.000528048	-0.002415399
4992.000000000	-0.019259453	0.037015936	0.001811643	-0.002099953
4993.000000000	-0.048655159	-0.011162207	0.001020259	0.001051317
4994.000000000	-0.021517756	0.015547366	-0.000854753	0.000540726
4995.000000000	-0.016939539	0.054153044	0.000609624	-0.001042553
4996.000000000	-0.039450275	0.035204506	0.000370154	-0.001210267
4997.000000000	-0.063427045	0.005974057	0.001710308	-0.000565857
4998.000000000	-0.022288556	0.008282907	0.000642708	-0.002202086
4999.000000000	-0.037119874	0.025813574	0.001300734	0.000755766
5000.000000000	-0.078735198	0.030858178	0.000669767	-0.000472699
5001.000000000	-0.016191103	0.029625368	-0.001594106	0.000854147
5002.000000000	-0.052721745	-0.004632057	0.001588835	0.001196484
5003.000000000	0.005442689	0.065361500	0.001488776	0.000464809
5004.000000000	-0.030498054	0.018840405	0.001380880	-0.003346776
5005.000000000	-0.009564508	0.046381767	-0.000347648	0.000285968
5006.000000000	-0.002295217	0.042472847	0.001222440	0.002362363
5007.000000000	-0.043453573	0.043308065	0.003588762	0.002474373
5008.000000000	-0.018290529	0.063603059	-0.002889581	0.000868882
5009.000000000	-0.079573462	0.018905313	-0.002424955	0.000491494
5010.000000000	-0.034760162	0.041286391	0.000663456	0.002341181
5011.000000000	-0.007587419	-0.004075697	0.001364287	0.000651710
5012.000000000	-0.100367856	0.043341215	0.000282896	-0.001483405
5013.000000000	-0.026337703	0.002818115	-0.000883643	0.002938626
5014.000000000	-0.055609898	-0.006449443	0.000042245	-0.003151427
5015.000000000	-0.068187683	0.043098659	-0.000571123	0.000520992
5016.000000000	-0.030586065	-0.010333519	0.000698560	-0.000553954
5017.000000000	-0.050890518	0.003278021	0.004595123	0.001681002
5018.000000000	-0.031001981	0.028146433	-0.001572213	0.001042424
5019.000000000	-0.040250316	0.023315821	0.001188632	0.000404623
5020.000000000	-0.051474828	0.060249679	-0.000404990	0.000565907
5021.000000000	-0.047684848	-0.007895416	-0.002178759	0.002707783
5022.000000000	-0.018793076	0.042560284	-0.000056826	-0.000903943
5023.000000000	-0.015441563	0.014166890	0.001472837	0.000500296
5024.000000000	-0.046109874	0.020497689	-0.002667152	0.001586275
5025.000000000	-0.043655122	-0.018616789	0.000054390	-0.000455597
5026.000000000	-0.014807303	-0.011443477	-0.000930884	0.001988754
5027.000000000	-0.027961293	0.032523551	0.000880139	-0.000570301
5028.000000000	-0.054592426	0.023066330	-0.000477874	-0.002186149
5029.000000000	-0.026598304	0.031378070	-0.001106301	-0.000702165
5030.000000000	-0.056037753	0.027830266	0.001270418	-0.000219407
5031.000000000	-0.051139515	0.019928247	-0.002578651	-0.001504877
5032.000000000	0.002169243	0.077960074	-0.000555854	-0.001481254
5033.000000000	-0.042180574	0.008053872	0.001359763	-0.001422424
5034.000000000	-0.039824265	0.019150341	0.002764508	-0.002898075
5035.000000000	-0.030322259	0.034983347	0.000293362	-0.001613751
5036.000000000	-0.033611618	0.010032957	-0.001038212	0.001792175
5037.000000000	-0.009739318	0.001653191	-0.001223928	-0.002196703
5038.000000000	-0.027458729	0.030652585	0.000685439	-0.000051017
5039.000000000	-0.080198633	0.012487989	-0.000894068	-0.001111346
5040.000000000	-0.068945569	0.062004631	0.000421884	-0.000377966
5041.000000000	-0.054829890	0.028653975	0.000221095	-0.000603870
5042.000000000	-0.055422375	0.021634091	0.002578733	-0.000843647
5043.000000000	-0.026495718	0.076951233	-0.000460460	0.000245158
5044.000000000	-0.022227376	0.017311310	-0.000571502	0.001304305
5045.000000000	-0.053597312	0.001665218	-0.003823766	0.000034642
5046.000000000	-0.062782695	0.006561820	-0.000270534	0.000938076
5047.000000000	-0.043915096	0.041324866	0.003002670	0.002031739
5048.000000000	-0.026197165	0.016473673	-0.001796980	-0.000026227
5049.000000000	-0.047372143	0.026951689	-0.002062769	-0.000844562
5050.000000000	-0.068701639	0.013935515	0.003321584	-0.002365800
