4900.000000000	-0.058051793	0.040702341	0.002491544	-0.000890429
4901.000000000	-0.026029202	0.007734381	0.000611652	-0.001401203
4902.000000000	-0.051011739	-0.073981582	-0.000021500	0.001539436
4903.000000000	-0.136948568	0.068966543	0.001304988	0.001401514
4904.000000000	-0.074983245	0.112900733	-0.000026009	0.001914228
4905.000000000	0.047401968	-0.029282407	0.002606487	-0.000783199
4906.000000000	0.002568050	-0.045709734	0.003636961	0.002102156
4907.000000000	-0.016800236	0.056226553	0.000869363	0.001588787
4908.000000000	-0.068375651	-0.045218097	0.001741754	-0.001207628
4909.000000000	-0.158381031	0.086177879	0.001659106	-0.002522370
4910.000000000	-0.149652240	0.035288851	0.002994261	-0.004386389
4911.000000000	-0.001689485	0.013758840	-0.000849454	-0.000034779
4912.000000000	0.044490048	0.011209355	0.000789417	-0.000085687
4913.000000000	-0.021701665	0.048453080	0.000416685	0.002192391
4914.000000000	-0.060297436	-0.043201209	0.002419137	0.002863814
4915.000000000	-0.014508433	0.004260376	-0.000553606	0.001612056
4916.000000000	-0.104793744	0.064435454	-0.000334697	0.002216058
4917.000000000	-0.163575536	0.074935033	-0.001275672	-0.000465821
4918.000000000	-0.127609307	0.003342992	0.000363916	0.000251168
4919.000000000	-0.034763586	0.093809437	0.003432776	0.003551892
4920.000000000	-0.126229700	0.060448678	0.001033707	-0.002307913
4921.000000000	0.015548832	-0.091353641	0.001713987	0.001564029
4922.000000000	-0.084230913	0.079248169	0.001738251	-0.000657855
4923.000000000	-0.037266299	0.062412620	0.004685048	0.000464685
4924.000000000	-0.143995612	-0.035674072	0.003541507	0.002011373
4925.000000000	-0.102020263	0.095797363	0.000867890	-0.000957413
4926.000000000	-0.128057720	0.097516555	0.000578924	0.000059457
4927.000000000	-0.195936997	0.037254977	-0.001630519	0.003435089
4928.000000000	-0.044570133	0.111937538	0.001923168	0.001942307
4929.000000000	-0.076611461	0.079006736	-0.001649985	-0.000306525
4930.000000000	0.027899307	-0.065398952	0.000312475	-0.000578078
4931.000000000	-0.093336405	-0.002068991	0.001068506	0.001333911
4932.000000000	-0.088422861	0.024056310	-0.002299370	0.000829910
4933.000000000	-0.094756159	0.042844790	0.000086356	-0.002755235
4934.000000000	-0.121882766	0.003772116	-0.004289135	0.002231418
4935.000000000	-0.051538468	0.077859427	0.000358449	-0.000920050
4936.000000000	0.001055384	-0.073330258	0.000769519	-0.001127950
4937.000000000	-0.141718332	0.038650602	0.003126410	-0.000585708
4938.000000000	-0.031367806	0.003547683	-0.001356844	0.000670207
4939.000000000	-0.079202559	-0.012077714	-0.000425298	-0.001097478
4940.000000000	-0.077083313	-0.056366787	0.001148822	-0.001935693
4941.000000000	-0.054054588	0.041936761	-0.000365052	-0.001932254
4942.000000000	-0.063881465	0.071152002	-0.001597192	-0.000846283
4943.000000000	0.010061418	0.084272598	0.002641134	0.002167983
4944.000000000	-0.069582982	0.030008324	-0.000557498	0.001291803
4945.000000000	-0.052271793	0.005591104	0.001637649	0.001904384
4946.000000000	-0.132623127	0.007419322	0.001011199	-0.001348812
4947.000000000	-0.059690142	0.081840540	0.000486868	-0.000980635
4948.000000000	-0.114413504	0.056801644	0.001170241	-0.000740158
4949.000000000	-0.081338512	-0.094899175	-0.000895987	-0.003059527
4950.000000000	-0.017123521	-0.051207764	-0.001692020	-0.002298297
4951.000000000	-0.124419873	0.000254443	-0.000059974	0.000376379
4952.000000000	-0.107872674	0.121266242	-0.001253815	-0.001001170
4953.000000000	-0.174112121	-0.008908900	0.000189053	0.000412770
4954.000000000	-0.149071812	0.034196350	-0.001264750	0.000247776
4955.000000000	-0.071567312	0.036661353	-0.003463991	-0.003682828
4956.000000000	-0.147169410	-0.056568794	-0.000609940	-0.001758350
4957.000000000	-0.053575895	0.045086402	0.002793289	-0.001258375
4958.000000000	-0.241705917	-0.002911689	0.001099632	0.001394159
4959.000000000	-0.106267847	-0.011692249	0.002149233	0.000841491
4960.000000000	-0.128934286	0.037856371	-0.001224860	-0.000934349
4961.000000000	-0.196654829	-0.092782077	0.002709211	0.000343031
4962.000000000	-0.141061524	0.066388427	0.001033028	0.000189866
4963.000000000	-0.194659264	0.044568813	-0.000985578	0.001454938
4964.000000000	-0.202048837	-0.132795883	-0.001098351	-0.000717208
4965.000000000	-0.198079999	0.050245871	-0.002637595	-0.000455108
4966.000000000	-0.207002837	0.041702559	0.000740459	-0.001884399
4967.000000000	-0.313692896	-0.027570736	0.002749257	-0.002088540
4968.000000000	-0.273179313	0.009420312	-0.000116055	-0.002306584
4969.000000000	-0.265527526	0.038843719	-0.001486186	0.001107274
4970.000000000	-0.118990232	0.098601843	-0.002139196	0.003577896
4971.000000000	-0.255609832	0.014226575	0.002721454	-0.000686271
4972.000000000	-0.259256703	0.006766836	-0.001617169	0.000918895
4973.000000000	-0.233145541	0.046394648	-0.001236181	-0.002117602
4974.000000000	-0.020177933	0.035581055	-0.002521328	0.000138696
4975.000000000	-0.122446271	0.112908705	0.000213196	-0.001285052
4976.000000000	-0.004419694	0.009947824	0.000066852	0.001977297
4977.000000000	-0.055990683	0.043301908	-0.001103063	0.000065131
4978.000000000	0.138147233	0.064140904	0.000352369	0.000687323
4979.000000000	0.277204756	-0.002491489	0.000370678	0.001392366
4980.000000000	0.183507663	0.057351774	0.001447786	-0.004208282
4981.000000000	0.152325978	0.080858562	0.001888660	0.001615005
4982.000000000	0.135464404	0.019169162	0.000154606	-0.000663907
4983.000000000	0.203132812	0.065781466	-0.003806362	-0.000995802
4984.000000000	0.167085573	0.080175832	0.001026175	-0.000402968
4985.000000000	0.088091546	0.003865194	-0.001042753	-0.000052129
4986.000000000	0.063378360	0.059445624	-0.000226191	-0.000159545
4987.000000000	0.019360594	0.015686837	0.000931204	-0.000525311
4988.000000000	0.057748868	-0.021581713	0.000635563	-0.001793656
4989.000000000	0.153559597	0.049544424	-0.001657081	0.000879318
4990.000000000	-0.008092993	0.081165513	0.001565225	-0.001099551
4991.000000000	-0.035940223	-0.025672915	-0.000108977	0.005246247
4992.000000000	0.003862038	0.116000629	-0.000880805	-0.001359503
4993.000000000	0.020142887	0.048338232	-0.001067849	-0.001816937
4994.000000000	-0.012405330	0.010715580	0.000139776	-0.001899159
4995.000000000	0.054556160	0.053105785	0.002321619	0.000857516
4996.000000000	-0.033494188	0.055623643	0.000032926	0.001834143
4997.000000000	-0.025372136	0.088342804	-0.003557788	-0.000391664
4998.000000000	-0.000827356	0.031646053	0.000816477	0.001383585
4999.000000000	-0.087763927	-0.022721212	0.000527172	-0.000354337
5000.000000000	0.016874360	0.011652505	0.002322414	0.002291003
5001.000000000	0.083865076	-0.061554251	-0.001040670	-0.003618193
5002.000000000	-0.012516947	0.046306570	0.000530080	0.002006669
5003.000000000	-0.083598817	-0.034287516	0.000104573	0.003050724
5004.000000000	-0.118938976	-0.064609436	0.002408692	0.002131262
5005.000000000	0.026519520	-0.062021720	-0.001670677	-0.000968004
5006.000000000	-0.136164910	0.070205011	0.000621952	0.000567572
5007.000000000	-0.002727931	-0.012999514	0.001388430	0.001710706
5008.000000000	-0.071770530	-0.043378155	-0.000688033	-0.002563007
5009.000000000	-0.066154393	0.090501739	-0.002221360	-0.001990861
5010.000000000	-0.033789692	-0.038157354	0.000350971	0.000501739
5011.000000000	-0.005113708	0.033297006	0.000737830	0.003358832
5012.000000000	-0.095567286	0.073519216	-0.000852135	0.001771769
5013.000000000	-0.048686354	0.053691076	-0.002184871	-0.000195181
5014.000000000	-0.069525169	0.059859471	0.000031710	-0.001114495
5015.000000000	-0.020168968	0.067502639	-0.000971100	0.000420772
5016.000000000	0.008124996	0.015600230	0.000085729	0.000764997
5017.000000000	-0.062907146	0.102125575	-0.000400554	-0.001088033
5018.000000000	-0.033520694	0.001301815	-0.002230800	-0.003232515
5019.000000000	0.036411575	0.063618919	0.001220909	0.001481716
5020.000000000	-0.015241792	0.053302338	0.001683669	-0.000625600
5021.000000000	-0.069609915	0.048942839	0.000530187	-0.000988992
5022.000000000	-0.005311534	-0.002377495	-0.000474452	-0.001505582
5023.000000000	0.016301263	-0.074377409	-0.002745990	-0.002564656
5024.000000000	-0.018088329	0.037442790	0.001269839	0.002621020
5025.000000000	0.004522856	0.071418562	0.001642738	-0.001249528
5026.000000000	-0.052792824	-0.016581748	-0.001712438	-0.002084474
5027.000000000	-0.032125808	-0.020857700	0.000489271	0.000315400
5028.000000000	-0.019539663	-0.052141526	0.001235024	0.001938417
5029.000000000	-0.056911739	-0.002087393	0.002361260	0.000555661
5030.000000000	-0.030068384	0.020336840	0.000701423	0.000447162
5031.000000000	-0.125670263	-0.044189387	0.001103318	-0.001016316
5032.000000000	-0.092536843	0.054269490	-0.001547439	-0.001128341
5033.000000000	-0.048034545	0.031027049	0.000512636	-0.001041456
5034.000000000	-0.051533776	-0.026019118	0.000506334	-0.002074809
5035.000000000	-0.042611024	0.040525085	0.001656533	-0.001426411
5036.000000000	-0.044639479	0.063954532	0.001063979	-0.002393846
5037.000000000	0.001900938	-0.039224987	0.001840253	0.002036892
5038.000000000	-0.058831991	-0.061504499	-0.002302107	-0.003447609
5039.000000000	-0.089269542	0.080224428	0.001938485	-0.003787456
5040.000000000	-0.074251741	-0.018033028	0.004404051	-0.000974021
5041.000000000	0.029264581	0.009378704	0.000797595	0.000151627
5042.000000000	-0.045901029	0.040700208	0.002072311	-0.000292201
5043.000000000	-0.046029185	-0.072397223	0.000113887	-0.000404686
5044.000000000	-0.148141253	-0.017296984	-0.003545779	0.000539558
5045.000000000	-0.036292793	-0.000558254	0.001048358	0.000039397
5046.000000000	-0.029452748	0.034742163	0.000844398	0.003323975
5047.000000000	-0.080206212	0.026617981	0.000666576	-0.001408085
5048.000000000	0.013717079	-0.070801299	0.001032957	-0.001007931
5049.000000000	-0.010745095	0.103906429	0.001515396	-0.000578775
5050.000000000	-0.070227228	0.044836718	-0.000931708	-0.000801510
